Sale Price
298.0
356.0
746.0
645.0
290.0
360.0
272.0
380.0
570.0
560.0
375.0
398.0
361.0
539.0
610.0
376.0
400.0
525.0
255.0
640.0
485.0
390.0
742.0
285.0
389.0
720.0
849.0
888.0
650.0
239.0
259.0
643.0
510.0
329.0
267.0
950.0
271.0
409.0
327.0
2899.0
379.0
640.0
370.0
376.0
325.0
240.0
1300.0
700.0
950.0
338.0
298.0
271.0
565.0
550.0
378.0
393.0
732.0
535.0
560.0
290.0
275.0
287.0
395.0
391.0
265.0
317.0
365.0
273.0
450.0
283.0
699.0
218.0
285.0
593.0
355.0
322.0
425.0
245.0
286.0
571.0
515.0
262.0
290.0
260.0
405.0
428.0
265.0
249.0
635.0
254.0
500.0
720.0
732.0
1290.0
275.0
560.0
375.0
1228.0
379.0
253.0
271.0
1099.0
1210.0
339.0
228.0
570.0
256.0
280.0
600.0
910.0
760.0
245.0
240.0
270.0
970.0
250.0
283.0
545.0
926.0
269.0
440.0
271.0
295.0
650.0
319.0
279.0
560.0
248.0
314.0
595.0
1025.0
440.0
310.0
284.0
275.0
386.0
606.0
565.0
295.0
410.0
600.0
269.0
299.0
245.0
480.0
439.0
275.0
690.0
850.0
280.0
310.0
690.0
495.0
910.0
255.0
313.0
263.0
410.0
515.0
262.0
335.0
495.0
385.0
760.0
263.0
980.0
275.0
400.0
289.0
265.0
1279.0
1195.0
425.0
345.0
549.0
273.0
750.0
685.0
276.0
240.0
367.0
273.0
390.0
378.0
790.0
309.0
611.0
644.0
800.0
911.0
622.0
599.0
249.0
244.0
645.0
230.0
368.0
765.0
249.0
275.0
320.0
875.0
369.0
230.0
375.0
378.0
550.0
283.0
624.0
586.0
242.0
415.0
630.0
304.0
358.0
269.0
281.0
374.0
343.0
583.0
525.0
374.0
260.0
259.0
620.0
255.0
393.0
409.0
285.0
725.0
290.0
300.0
500.0
360.0
455.0
263.0
965.0
281.0
766.0
800.0
265.0
260.0
1260.0
260.0
470.0
955.0
625.0
230.0
720.0
478.0
279.0
312.0
598.0
232.0
605.0
458.0
941.0
568.0
264.0
254.0
895.0
425.0
400.0
297.0
435.0
1250.0
261.0
575.0
369.0
725.0
445.0
500.0
232.0
419.0
685.0
249.0
270.0
365.0
520.0
369.0
287.0
352.0
260.0
301.0
265.0
401.0
945.0
262.0
690.0
695.0
527.0
303.0
243.0
265.0
400.0
275.0
366.0
480.0
350.0
665.0
884.0
471.0
650.0
760.0
359.0
369.0
390.0
230.0
1112.0
410.0
535.0
575.0
614.0
298.0
392.0
366.0
402.0
718.0
310.0
840.0
251.0
960.0
279.0
308.0
269.0
387.0
315.0
239.0
920.0
745.0
281.0
250.0
490.0
400.0
445.0
250.0
300.0
615.0
690.0
276.0
316.0
455.0
605.0
364.0
264.0
955.0
255.0
475.0
248.0
335.0
380.0
598.0
267.0
240.0
920.0
226.0
495.0
280.0
900.0
382.0
380.0
284.0
255.0
420.0
345.0
289.0
375.0
394.0
247.0
270.0
258.0
259.0
424.0
925.0
410.0
360.0
250.0
750.0
255.0
519.0
714.0
900.0
1720.0
245.0
255.0
282.0
389.0
378.0
730.0
785.0
1170.0
319.0
1651.0
491.0
395.0
254.0
235.0
238.0
270.0
298.0
520.0
372.0
300.0
400.0
370.0
580.0
708.0
728.0
369.0
435.0
273.0
490.0
699.0
293.0
380.0
285.0
370.0
470.0
765.0
235.0
265.0
1196.0
430.0
378.0
695.0
263.0
325.0
331.0
610.0
365.0
559.0
398.0
296.0
331.0
665.0
362.0
400.0
295.0
310.0
280.0
610.0
215.0
527.0
870.0
269.0
317.0
535.0
509.0
381.0
1050.0
285.0
288.0
1444.0
370.0
509.0
2500.0
267.0
390.0
270.0
320.0
550.0
298.0
242.0
287.0
430.0
310.0
995.0
750.0
410.0
240.0
508.0
435.0
240.0
292.0
433.0
335.0
368.0
430.0
380.0
385.0
232.0
397.0
389.0
234.0
755.0
234.0
286.0
421.0
386.0
260.0
220.0
555.0
625.0
360.0
728.0
242.0
255.0
1137.0
315.0
250.0
376.0
288.0
408.0
295.0
392.0
220.0
297.0
319.0
400.0
260.0
368.0
710.0
375.0
379.0
371.0
750.0
269.0
285.0
525.0
220.0
571.0
673.0
280.0
265.0
362.0
369.0
401.0
440.0
248.0
253.0
500.0
635.0
510.0
377.0
300.0
361.0
359.0
225.0
700.0
298.0
242.0
339.0
273.0
790.0
410.0
315.0
245.0
350.0
685.0
280.0
300.0
780.0
733.0
399.0
595.0
800.0
395.0
265.0
270.0
268.0
272.0
278.0
345.0
639.0
379.0
375.0
350.0
756.0
246.0
328.0
298.0
765.0
550.0
300.0
1140.0
250.0
287.0
676.0
269.0
300.0
318.0
600.0
450.0
270.0
366.0
375.0
255.0
355.0
615.0
1190.0
338.0
530.0
267.0
638.0
355.0
470.0
345.0
279.0
814.0
357.0
570.0
797.0
255.0
490.0
750.0
285.0
280.0
302.0
1000.0
740.0
408.0
239.0
229.0
441.0
290.0
291.0
480.0
274.0
268.0
485.0
325.0
315.0
271.0
383.0
925.0
290.0
329.0
282.0
385.0
650.0
269.0
396.0
1570.0
390.0
525.0
520.0
701.0
390.0
536.0
225.0
272.0
680.0
510.0
544.0
503.0
522.0
300.0
266.0
279.0
272.0
640.0
360.0
556.0
245.0
255.0
375.0
275.0
275.0
285.0
279.0
246.0
605.0
318.0
391.0
415.0
228.0
298.0
237.0
415.0
300.0
670.0
550.0
260.0
429.0
380.0
299.0
550.0
875.0
1029.0
365.0
1609.0
240.0
400.0
902.0
419.0
500.0
280.0
268.0
315.0
225.0
650.0
230.0
910.0
560.0
419.0
549.0
373.0
605.0
615.0
253.0
636.0
425.0
258.0
348.0
495.0
800.0
243.0
370.0
920.0
375.0
272.0
625.0
292.0
458.0
370.0
410.0
555.0
262.0
275.0
540.0
277.0
335.0
1695.0
253.0
379.0
420.0
459.0
360.0
241.0
715.0
410.0
359.0
305.0
225.0
880.0
293.0
1060.0
405.0
256.0
277.0
236.0
288.0
605.0
385.0
449.0
560.0
400.0
559.0
420.0
310.0
265.0
636.0
514.0
288.0
491.0
375.0
250.0
272.0
660.0
340.0
269.0
428.0
420.0
440.0
380.0
539.0
350.0
550.0
295.0
268.0
268.0
345.0
440.0
270.0
977.0
686.0
300.0
397.0
274.0
220.0
361.0
226.0
425.0
245.0
229.0
400.0
375.0
390.0
588.0
500.0
700.0
580.0
256.0
305.0
650.0
398.0
590.0
305.0
261.0
408.0
404.0
610.0
355.0
375.0
545.0
260.0
721.0
452.0
270.0
292.0
347.0
390.0
600.0
640.0
320.0
1029.0
230.0
561.0
270.0
272.0
745.0
383.0
600.0
245.0
380.0
361.0
269.0
380.0
387.0
266.0
263.0
766.0
275.0
650.0
485.0
1024.0
294.0
277.0
289.0
420.0
365.0
330.0
390.0
260.0
800.0
495.0
364.0
807.0
330.0
337.0
358.0
350.0
290.0
777.0
265.0
260.0
625.0
300.0
290.0
440.0
264.0
407.0
405.0
389.0
580.0
738.0
372.0
775.0
251.0
749.0
1033.0
274.0
259.0
1000.0
570.0
702.0
800.0
277.0
262.0
285.0
630.0
259.0
249.0
340.0
272.0
779.0
561.0
239.0
660.0
259.0
500.0
1010.0
228.0
378.0
250.0
270.0
712.0
388.0
613.0
685.0
572.0
301.0
1224.0
410.0
390.0
282.0
780.0
950.0
380.0
402.0
748.0
546.0
255.0
500.0
230.0
451.0
336.0
265.0
269.0
240.0
790.0
722.0
784.0
389.0
1700.0
362.0
1090.0
283.0
239.0
406.0
615.0
268.0
325.0
525.0
231.0
750.0
387.0
338.0
1300.0
360.0
425.0
393.0
272.0
777.0
249.0
352.0
440.0
325.0
299.0
262.0
355.0
409.0
306.0
920.0
225.0
303.0
235.0
470.0
447.0
300.0
550.0
301.0
406.0
688.0
283.0
413.0
241.0
243.0
1190.0
412.0
378.0
256.0
247.0
380.0
250.0
268.0
998.0
279.0
420.0
280.0
605.0
340.0
430.0
265.0
310.0
335.0
352.0
408.0
281.0
240.0
801.0
269.0
685.0
250.0
361.0
321.0
257.0
540.0
301.0
311.0
245.0
302.0
275.0
278.0
297.0
840.0
255.0
901.0
281.0
268.0
260.0
685.0
250.0
343.0
480.0
300.0
260.0
297.0
284.0
272.0
440.0
211.0
420.0
420.0
422.0
444.0
265.0
700.0
975.0
606.0
315.0
493.0
352.0
432.0
278.0
235.0
510.0
253.0
290.0
420.0
270.0
262.0
1090.0
420.0
750.0
284.0
463.0
250.0
364.0
477.0
590.0
359.0
292.0
475.0
800.0
1525.0
398.0
369.0
220.0
515.0
450.0
440.0
275.0
380.0
279.0
420.0
267.0
258.0
626.0
425.0
313.0
265.0
880.0
290.0
282.0
745.0
1890.0
374.0
350.0
228.0
555.0
392.0
379.0
590.0
479.0
256.0
252.0
390.0
375.0
269.0
254.0
542.0
860.0
361.0
259.0
295.0
310.0
290.0
273.0
792.0
833.0
366.0
350.0
1140.0
240.0
780.0
379.0
341.0
355.0
607.0
446.0
270.0
277.0
243.0
270.0
684.0
656.0
428.0
285.0
288.0
450.0
274.0
460.0
357.0
276.0
639.0
521.0
308.0
816.0
275.0
350.0
245.0
387.0
345.0
279.0
444.0
307.0
590.0
355.0
275.0
260.0
800.0
364.0
625.0
267.0
284.0
353.0
270.0
246.0
565.0
246.0
869.0
237.0
665.0
312.0
555.0
280.0
301.0
399.0
235.0
300.0
366.0
270.0
285.0
558.0
265.0
281.0
264.0
339.0
420.0
391.0
230.0
274.0
255.0
395.0
239.0
332.0
367.0
971.0
400.0
685.0
398.0
255.0
385.0
445.0
287.0
230.0
340.0
273.0
450.0
310.0
485.0
267.0
410.0
425.0
395.0
441.0
680.0
586.0
416.0
750.0
364.0
240.0
1000.0
290.0
940.0
384.0
443.0
370.0
270.0
750.0
954.0
690.0
495.0
526.0
452.0
266.0
690.0
285.0
320.0
239.0
300.0
225.0
267.0
390.0
382.0
450.0
257.0
570.0
250.0
482.0
335.0
655.0
339.0
440.0
255.0
789.0
510.0
374.0
280.0
269.0
376.0
337.0
265.0
820.0
304.0
281.0
1010.0
211.0
274.0
249.0
272.0
370.0
235.0
771.0
525.0
395.0
398.0
221.0
235.0
455.0
280.0
255.0
239.0
374.0
450.0
272.0
480.0
279.0
295.0
459.0
495.0
570.0
592.0
243.0
988.0
365.0
701.0
268.0
274.0
380.0
421.0
477.0
376.0
270.0
390.0
806.0
530.0
360.0
290.0
222.0
590.0
274.0
530.0
279.0
269.0
278.0
398.0
796.0
396.0
365.0
650.0
564.0
255.0
360.0
264.0
255.0
275.0
275.0
422.0
270.0
750.0
590.0
265.0
415.0
489.0
515.0
244.0
521.0
249.0
264.0
253.0
260.0
425.0
249.0
530.0
270.0
250.0
301.0
670.0
279.0
399.0
965.0
573.0
1997.0
878.0
227.0
685.0
399.0
320.0
570.0
840.0
269.0
380.0
221.0
279.0
445.0
369.0
271.0
257.0
239.0
256.0
785.0
729.0
457.0
305.0
256.0
571.0
625.0
455.0
449.0
420.0
551.0
374.0
410.0
510.0
670.0
674.0
270.0
1840.0
233.0
451.0
685.0
280.0
295.0
850.0
540.0
270.0
239.0
415.0
455.0
395.0
385.0
295.0
250.0
531.0
781.0
1011.0
220.0
273.0
555.0
275.0
267.0
650.0
271.0
704.0
417.0
286.0
274.0
640.0
325.0
480.0
368.0
990.0
273.0
364.0
565.0
770.0
282.0
240.0
511.0
440.0
255.0
800.0
285.0
329.0
599.0
350.0
520.0
270.0
437.0
245.0
950.0
318.0
415.0
530.0
399.0
357.0
380.0
1375.0
1355.0
280.0
260.0
502.0
340.0
685.0
808.0
365.0
660.0
255.0
298.0
266.0
568.0
380.0
235.0
263.0
380.0
400.0
393.0
470.0
685.0
373.0
670.0
315.0
295.0
409.0
277.0
258.0
270.0
375.0
420.0
523.0
1950.0
440.0
430.0
520.0
440.0
560.0
250.0
248.0
280.0
382.0
277.0
548.0
320.0
545.0
277.0
274.0
495.0
1400.0
255.0
366.0
341.0
297.0
620.0
698.0
700.0
450.0
358.0
272.0
450.0
280.0
319.0
795.0
355.0
345.0
315.0
260.0
410.0
568.0
270.0
776.0
400.0
380.0
530.0
1025.0
385.0
370.0
387.0
332.0
338.0
285.0
250.0
228.0
624.0
545.0
500.0
402.0
298.0
570.0
886.0
525.0
375.0
795.0
484.0
951.0
609.0
410.0
240.0
630.0
345.0
243.0
324.0
314.0
269.0
266.0
360.0
430.0
625.0
681.0
1200.0
370.0
275.0
275.0
876.0
910.0
480.0
287.0
380.0
250.0
1340.0
389.0
299.0
375.0
360.0
390.0
380.0
518.0
325.0
375.0
260.0
267.0
389.0
870.0
430.0
235.0
760.0
250.0
305.0
700.0
260.0
248.0
635.0
379.0
288.0
235.0
612.0
550.0
901.0
560.0
295.0
464.0
420.0
240.0
1117.0
373.0
341.0
270.0
419.0
535.0
262.0
370.0
680.0
429.0
640.0
256.0
285.0
349.0
445.0
1049.0
332.0
364.0
625.0
417.0
250.0
355.0
549.0
885.0
362.0
400.0
234.0
217.0
250.0
371.0
230.0
919.0
560.0
400.0
361.0
239.0
505.0
260.0
235.0
870.0
238.0
275.0
245.0
295.0
330.0
220.0
268.0
920.0
240.0
400.0
500.0
360.0
273.0
268.0
893.0
373.0
542.0
386.0
235.0
640.0
260.0
460.0
230.0
349.0
1300.0
250.0
246.0
600.0
787.0
460.0
490.0
240.0
276.0
275.0
298.0
965.0
313.0
255.0
348.0
845.0
482.0
800.0
312.0
299.0
220.0
800.0
255.0
412.0
919.0
390.0
462.0
356.0
635.0
524.0
630.0
660.0
550.0
243.0
430.0
233.0
266.0
268.0
1105.0
425.0
728.0
356.0
264.0
480.0
460.0
392.0
351.0
847.0
262.0
635.0
294.0
460.0
222.0
238.0
540.0
610.0
278.0
275.0
260.0
280.0
780.0
570.0
255.0
375.0
360.0
469.0
366.0
236.0
285.0
557.0
279.0
685.0
420.0
333.0
800.0
377.0
250.0
301.0
286.0
268.0
249.0
320.0
266.0
370.0
353.0
415.0
257.0
275.0
589.0
285.0
245.0
690.0
350.0
302.0
1012.0
436.0
260.0
269.0
245.0
251.0
277.0
582.0
339.0
420.0
423.0
275.0
335.0
280.0
274.0
470.0
445.0
531.0
278.0
366.0
222.0
413.0
595.0
273.0
500.0
365.0
285.0
263.0
261.0
866.0
278.0
469.0
242.0
339.0
230.0
405.0
233.0
305.0
526.0
361.0
262.0
918.0
452.0
260.0
239.0
361.0
256.0
764.0
240.0
236.0
352.0
288.0
395.0
365.0
286.0
258.0
220.0
252.0
391.0
263.0
349.0
444.0
675.0
305.0
435.0
360.0
268.0
375.0
800.0
618.0
722.0
264.0
317.0
355.0
574.0
245.0
278.0
322.0
395.0
315.0
591.0
270.0
351.0
267.0
273.0
275.0
241.0
277.0
265.0
954.0
2300.0
455.0
682.0
390.0
377.0
294.0
535.0
1900.0
245.0
510.0
370.0
600.0
260.0
286.0
550.0
269.0
378.0
630.0
1030.0
314.0
610.0
719.0
375.0
575.0
640.0
273.0
278.0
599.0
449.0
405.0
325.0
274.0
268.0
225.0
760.0
305.0
330.0
740.0
277.0
290.0
260.0
367.0
264.0
745.0
532.0
286.0
269.0
432.0
901.0
246.0
354.0
225.0
430.0
275.0
274.0
344.0
370.0
440.0
440.0
307.0
285.0
282.0
520.0
393.0
742.0
430.0
609.0
335.0
331.0
320.0
314.0
273.0
592.0
350.0
440.0
261.0
246.0
426.0
460.0
334.0
727.0
360.0
485.0
422.0
658.0
314.0
270.0
399.0
374.0
850.0
423.0
405.0
240.0
307.0
450.0
498.0
270.0
800.0
400.0
400.0
680.0
825.0
840.0
300.0
249.0
742.0
820.0
423.0
1623.0
230.0
370.0
385.0
600.0
245.0
288.0
280.0
700.0
250.0
490.0
234.0
1610.0
312.0
689.0
677.0
379.0
591.0
350.0
435.0
424.0
762.0
284.0
385.0
280.0
370.0
1190.0
403.0
365.0
605.0
295.0
580.0
235.0
384.0
235.0
700.0
273.0
345.0
277.0
260.0
250.0
270.0
393.0
282.0
682.0
315.0
259.0
630.0
1202.0
855.0
249.0
711.0
481.0
319.0
560.0
257.0
632.0
1200.0
517.0
239.0
301.0
235.0
429.0
300.0
235.0
819.0
257.0
750.0
1100.0
350.0
295.0
264.0
360.0
360.0
293.0
652.0
670.0
625.0
264.0
396.0
650.0
790.0
525.0
700.0
550.0
409.0
275.0
250.0
268.0
490.0
279.0
410.0
235.0
346.0
530.0
760.0
269.0
407.0
396.0
1050.0
420.0
515.0
269.0
416.0
275.0
261.0
373.0
600.0
330.0
2198.0
266.0
265.0
547.0
273.0
346.0
268.0
398.0
228.0
506.0
268.0
319.0
319.0
648.0
270.0
454.0
356.0
667.0
320.0
330.0
352.0
270.0
274.0
450.0
236.0
685.0
292.0
290.0
275.0
240.0
263.0
723.0
720.0
395.0
275.0
276.0
290.0
543.0
310.0
700.0
435.0
360.0
564.0
269.0
787.0
318.0
899.0
371.0
262.0
280.0
282.0
240.0
610.0
281.0
400.0
355.0
284.0
390.0
430.0
366.0
600.0
640.0
400.0
489.0
282.0
264.0
555.0
272.0
278.0
790.0
269.0
301.0
560.0
273.0
254.0
380.0
576.0
238.0
598.0
283.0
285.0
246.0
266.0
650.0
507.0
336.0
256.0
756.0
314.0
274.0
590.0
240.0
272.0
950.0
740.0
435.0
365.0
299.0
241.0
540.0
351.0
222.0
378.0
275.0
588.0
415.0
268.0
440.0
352.0
360.0
265.0
270.0
450.0
251.0
609.0
354.0
350.0
376.0
585.0
265.0
388.0
570.0
550.0
550.0
380.0
1710.0
231.0
917.0
283.0
299.0
370.0
375.0
405.0
293.0
370.0
240.0
259.0
358.0
805.0
400.0
360.0
279.0
286.0
281.0
570.0
410.0
770.0
594.0
335.0
240.0
401.0
384.0
297.0
455.0
700.0
520.0
390.0
295.0
307.0
465.0
311.0
742.0
265.0
800.0
650.0
253.0
265.0
2005.0
290.0
312.0
421.0
280.0
540.0
394.0
393.0
340.0
480.0
235.0
975.0
292.0
665.0
350.0
260.0
277.0
985.0
775.0
260.0
270.0
365.0
640.0
254.0
378.0
411.0
670.0
424.0
260.0
1000.0
273.0
360.0
238.0
630.0
390.0
350.0
228.0
368.0
355.0
590.0
404.0
305.0
264.0
231.0
735.0
355.0
263.0
350.0
324.0
379.0
365.0
361.0
753.0
375.0
248.0
410.0
253.0
800.0
284.0
440.0
267.0
270.0
372.0
699.0
373.0
615.0
451.0
341.0
1973.0
362.0
630.0
267.0
420.0
286.0
240.0
275.0
274.0
358.0
714.0
520.0
387.0
495.0
871.0
313.0
265.0
283.0
239.0
300.0
361.0
687.0
364.0
755.0
570.0
288.0
267.0
762.0
841.0
225.0
368.0
1100.0
279.0
264.0
375.0
315.0
581.0
314.0
260.0
413.0
905.0
289.0
325.0
329.0
940.0
234.0
284.0
590.0
404.0
340.0
441.0
263.0
360.0
367.0
389.0
800.0
284.0
247.0
225.0
365.0
460.0
620.0
392.0
284.0
580.0
480.0
380.0
299.0
348.0
468.0
316.0
300.0
820.0
260.0
310.0
277.0
413.0
243.0
556.0
540.0
620.0
286.0
637.0
436.0
300.0
360.0
1135.0
383.0
250.0
305.0
277.0
1006.0
905.0
318.0
320.0
325.0
569.0
369.0
456.0
850.0
525.0
270.0
254.0
499.0
590.0
290.0
375.0
272.0
350.0
340.0
450.0
256.0
1376.0
705.0
310.0
660.0
486.0
249.0
375.0
605.0
966.0
253.0
260.0
525.0
327.0
1070.0
386.0
490.0
450.0
274.0
337.0
390.0
260.0
357.0
370.0
635.0
385.0
364.0
2100.0
1149.0
275.0
313.0
360.0
266.0
975.0
299.0
200.0
240.0
267.0
425.0
629.0
395.0
211.0
216.0
265.0
379.0
520.0
380.0
281.0
234.0
610.0
660.0
300.0
308.0
265.0
269.0
597.0
571.0
695.0
435.0
900.0
410.0
284.0
620.0
278.0
479.0
245.0
720.0
330.0
393.0
624.0
265.0
258.0
375.0
381.0
450.0
725.0
575.0
665.0
875.0
555.0
564.0
608.0
244.0
505.0
255.0
570.0
801.0
290.0
242.0
395.0
299.0
700.0
248.0
525.0
304.0
275.0
880.0
239.0
270.0
405.0
235.0
395.0
430.0
490.0
250.0
521.0
269.0
269.0
275.0
278.0
570.0
244.0
260.0
849.0
740.0
285.0
254.0
276.0
255.0
536.0
419.0
471.0
460.0
671.0
280.0
250.0
385.0
276.0
367.0
379.0
427.0
715.0
427.0
389.0
299.0
305.0
279.0
716.0
1075.0
279.0
458.0
280.0
280.0
334.0
372.0
290.0
600.0
237.0
239.0
283.0
350.0
655.0
649.0
296.0
566.0
759.0
283.0
592.0
633.0
510.0
388.0
320.0
240.0
300.0
355.0
260.0
454.0
350.0
227.0
750.0
690.0
256.0
259.0
370.0
690.0
300.0
269.0
465.0
1695.0
430.0
267.0
795.0
280.0
300.0
375.0
351.0
365.0
710.0
810.0
297.0
335.0
520.0
310.0
270.0
399.0
704.0
488.0
720.0
745.0
1006.0
245.0
281.0
225.0
399.0
270.0
259.0
730.0
389.0
330.0
370.0
339.0
499.0
312.0
476.0
497.0
389.0
741.0
484.0
423.0
260.0
358.0
900.0
259.0
550.0
271.0
800.0
470.0
235.0
800.0
448.0
293.0
293.0
400.0
290.0
459.0
271.0
376.0
400.0
440.0
230.0
390.0
560.0
220.0
300.0
390.0
840.0
390.0
850.0
886.0
250.0
640.0
490.0
313.0
350.0
360.0
950.0
618.0
400.0
255.0
674.0
253.0
535.0
235.0
230.0
599.0
262.0
723.0
240.0
309.0
575.0
344.0
233.0
280.0
430.0
260.0
620.0
236.0
278.0
460.0
277.0
450.0
248.0
463.0
270.0
388.0
260.0
1036.0
470.0
601.0
274.0
610.0
1755.0
240.0
408.0
305.0
415.0
612.0
755.0
390.0
800.0
257.0
580.0
375.0
489.0
410.0
272.0
510.0
292.0
540.0
255.0
541.0
269.0
1650.0
270.0
602.0
1042.0
445.0
820.0
574.0
472.0
277.0
256.0
305.0
276.0
375.0
250.0
319.0
540.0
258.0
710.0
235.0
400.0
400.0
1665.0
295.0
285.0
577.0
805.0
550.0
240.0
240.0
257.0
867.0
440.0
335.0
530.0
290.0
336.0
287.0
399.0
264.0
286.0
395.0
615.0
246.0
275.0
345.0
378.0
290.0
290.0
450.0
580.0
304.0
271.0
455.0
267.0
458.0
325.0
305.0
234.0
275.0
415.0
685.0
855.0
280.0
540.0
374.0
850.0
270.0
545.0
360.0
950.0
378.0
338.0
284.0
358.0
252.0
262.0
550.0
775.0
358.0
500.0
355.0
241.0
265.0
248.0
614.0
378.0
365.0
260.0
510.0
355.0
252.0
615.0
574.0
290.0
972.0
581.0
274.0
590.0
286.0
280.0
800.0
305.0
240.0
1030.0
1020.0
270.0
389.0
570.0
283.0
430.0
688.0
305.0
370.0
288.0
250.0
690.0
480.0
365.0
250.0
410.0
248.0
490.0
263.0
390.0
241.0
216.0
277.0
230.0
240.0
538.0
280.0
800.0
240.0
349.0
342.0
269.0
273.0
469.0
411.0
710.0
560.0
640.0
680.0
345.0
800.0
691.0
325.0
555.0
322.0
369.0
520.0
543.0
394.0
453.0
395.0
254.0
355.0
340.0
565.0
299.0
779.0
275.0
769.0
820.0
289.0
220.0
535.0
250.0
295.0
287.0
690.0
456.0
549.0
364.0
410.0
405.0
555.0
246.0
794.0
600.0
249.0
940.0
383.0
282.0
825.0
449.0
273.0
366.0
278.0
263.0
605.0
360.0
678.0
407.0
608.0
515.0
365.0
1375.0
345.0
270.0
349.0
400.0
385.0
471.0
400.0
265.0
305.0
326.0
349.0
750.0
305.0
733.0
777.0
595.0
265.0
433.0
430.0
420.0
381.0
579.0
325.0
382.0
350.0
238.0
228.0
240.0
240.0
200.0
475.0
265.0
275.0
790.0
235.0
276.0
840.0
275.0
245.0
710.0
265.0
255.0
690.0
554.0
580.0
599.0
489.0
465.0
1440.0
416.0
276.0
330.0
750.0
274.0
245.0
382.0
425.0
340.0
370.0
275.0
519.0
390.0
215.0
320.0
495.0
643.0
513.0
620.0
282.0
300.0
268.0
379.0
392.0
746.0
764.0
550.0
269.0
300.0
350.0
294.0
1041.0
560.0
901.0
728.0
1032.0
330.0
475.0
249.0
398.0
280.0
252.0
275.0
410.0
839.0
373.0
249.0
306.0
354.0
800.0
358.0
240.0
401.0
379.0
279.0
750.0
420.0
310.0
414.0
275.0
222.0
245.0
262.0
960.0
884.0
398.0
795.0
580.0
526.0
430.0
290.0
909.0
700.0
306.0
276.0
320.0
325.0
407.0
330.0
945.0
801.0
248.0
679.0
599.0
600.0
275.0
273.0
260.0
230.0
295.0
231.0
275.0
410.0
1752.0
350.0
425.0
425.0
246.0
370.0
1025.0
425.0
275.0
365.0
380.0
559.0
415.0
750.0
440.0
958.0
628.0
283.0
600.0
272.0
285.0
450.0
305.0
704.0
684.0
222.0
301.0
300.0
289.0
439.0
324.0
250.0
256.0
373.0
253.0
223.0
710.0
830.0
291.0
296.0
264.0
443.0
402.0
353.0
445.0
338.0
269.0
361.0
270.0
274.0
606.0
809.0
425.0
356.0
590.0
268.0
338.0
353.0
594.0
297.0
890.0
389.0
785.0
1088.0
235.0
692.0
386.0
401.0
1175.0
290.0
295.0
690.0
390.0
689.0
296.0
254.0
386.0
238.0
251.0
275.0
248.0
655.0
357.0
629.0
275.0
495.0
240.0
920.0
259.0
260.0
250.0
230.0
390.0
370.0
236.0
275.0
770.0
435.0
250.0
290.0
601.0
268.0
415.0
480.0
392.0
270.0
579.0
440.0
242.0
770.0
325.0
360.0
950.0
297.0
246.0
745.0
240.0
270.0
256.0
750.0
275.0
435.0
337.0
269.0
418.0
388.0
320.0
290.0
400.0
1875.0
250.0
400.0
800.0
330.0
357.0
388.0
282.0
239.0
336.0
500.0
800.0
280.0
284.0
215.0
303.0
210.0
730.0
275.0
380.0
295.0
301.0
839.0
230.0
1100.0
1839.0
1075.0
519.0
380.0
500.0
386.0
305.0
2350.0
297.0
491.0
409.0
269.0
380.0
270.0
800.0
272.0
273.0
309.0
244.0
260.0
489.0
845.0
2500.0
397.0
369.0
430.0
244.0
470.0
378.0
651.0
280.0
275.0
297.0
340.0
300.0
410.0
383.0
497.0
671.0
262.0
211.0
401.0
290.0
870.0
260.0
245.0
255.0
382.0
580.0
239.0
1069.0
293.0
474.0
455.0
230.0
669.0
237.0
328.0
305.0
596.0
900.0
270.0
243.0
316.0
725.0
390.0
268.0
330.0
345.0
600.0
823.0
235.0
500.0
1052.0
272.0
235.0
390.0
285.0
373.0
239.0
320.0
820.0
649.0
600.0
450.0
1750.0
264.0
600.0
276.0
390.0
660.0
1550.0
470.0
600.0
390.0
716.0
297.0
430.0
262.0
650.0
395.0
514.0
1600.0
1176.0
260.0
271.0
713.0
245.0
320.0
285.0
284.0
822.0
333.0
310.0
575.0
252.0
815.0
266.0
454.0
385.0
350.0
290.0
398.0
360.0
522.0
272.0
267.0
306.0
375.0
360.0
260.0
765.0
248.0
298.0
405.0
650.0
389.0
690.0
701.0
465.0
239.0
269.0
260.0
440.0
270.0
405.0
477.0
400.0
370.0
250.0
411.0
588.0
405.0
435.0
235.0
540.0
361.0
276.0
931.0
675.0
217.0
395.0
960.0
803.0
398.0
490.0
413.0
270.0
400.0
260.0
681.0
266.0
375.0
620.0
280.0
230.0
460.0
554.0
384.0
392.0
552.0
221.0
230.0
1050.0
275.0
535.0
399.0
250.0
255.0
271.0
365.0
288.0
385.0
460.0
347.0
400.0
358.0
345.0
390.0
716.0
805.0
435.0
258.0
271.0
200.0
810.0
410.0
1006.0
420.0
409.0
555.0
266.0
270.0
263.0
298.0
289.0
730.0
385.0
275.0
265.0
448.0
390.0
249.0
410.0
241.0
239.0
724.0
230.0
269.0
279.0
381.0
300.0
260.0
1610.0
630.0
273.0
440.0
230.0
283.0
462.0
375.0
355.0
485.0
780.0
268.0
375.0
475.0
365.0
249.0
649.0
800.0
280.0
447.0
1179.0
274.0
398.0
800.0
561.0
275.0
389.0
590.0
434.0
275.0
845.0
380.0
320.0
346.0
298.0
267.0
430.0
680.0
330.0
510.0
272.0
405.0
240.0
342.0
200.0
213.0
240.0
670.0
1098.0
266.0
384.0
593.0
617.0
625.0
379.0
260.0
355.0
352.0
650.0
556.0
370.0
485.0
470.0
219.0
331.0
334.0
225.0
420.0
220.0
510.0
225.0
321.0
259.0
378.0
317.0
253.0
978.0
568.0
260.0
248.0
627.0
264.0
373.0
424.0
240.0
700.0
275.0
849.0
300.0
762.0
276.0
1101.0
285.0
276.0
565.0
268.0
298.0
238.0
551.0
235.0
256.0
246.0
430.0
691.0
274.0
315.0
278.0
310.0
750.0
570.0
240.0
261.0
275.0
320.0
238.0
264.0
850.0
565.0
330.0
491.0
240.0
255.0
710.0
439.0
395.0
350.0
211.0
248.0
675.0
820.0
495.0
481.0
220.0
390.0
315.0
385.0
765.0
280.0
280.0
382.0
735.0
605.0
238.0
241.0
491.0
550.0
401.0
853.0
373.0
372.0
350.0
615.0
950.0
268.0
320.0
755.0
410.0
256.0
799.0
235.0
570.0
335.0
750.0
268.0
285.0
780.0
455.0
520.0
431.0
288.0
242.0
390.0
320.0
255.0
574.0
369.0
690.0
610.0
263.0
425.0
2050.0
350.0
420.0
220.0
400.0
591.0
220.0
900.0
275.0
344.0
469.0
283.0
1000.0
598.0
378.0
240.0
719.0
411.0
367.0
261.0
340.0
279.0
296.0
260.0
451.0
260.0
260.0
297.0
799.0
362.0
235.0
260.0
292.0
700.0
650.0
262.0
420.0
320.0
700.0
590.0
230.0
265.0
230.0
350.0
460.0
255.0
565.0
635.0
239.0
1301.0
330.0
830.0
543.0
490.0
296.0
269.0
264.0
420.0
255.0
245.0
560.0
755.0
440.0
390.0
780.0
370.0
264.0
343.0
394.0
635.0
1392.0
280.0
379.0
400.0
715.0
300.0
289.0
685.0
260.0
345.0
300.0
500.0
345.0
400.0
804.0
545.0
231.0
805.0
615.0
310.0
407.0
276.0
260.0
244.0
365.0
266.0
274.0
377.0
715.0
980.0
701.0
413.0
240.0
271.0
549.0
423.0
269.0
238.0
550.0
609.0
388.0
280.0
290.0
392.0
395.0
255.0
229.0
695.0
350.0
231.0
1040.0
800.0
300.0
588.0
375.0
400.0
246.0
850.0
405.0
816.0
230.0
650.0
620.0
370.0
388.0
267.0
419.0
675.0
249.0
395.0
385.0
750.0
460.0
597.0
1087.0
270.0
2360.0
274.0
438.0
628.0
400.0
265.0
668.0
605.0
705.0
504.0
240.0
270.0
445.0
297.0
295.0
273.0
240.0
430.0
476.0
266.0
575.0
520.0
310.0
269.0
354.0
370.0
286.0
254.0
265.0
605.0
900.0
445.0
305.0
228.0
275.0
359.0
297.0
285.0
270.0
415.0
481.0
279.0
265.0
356.0
493.0
625.0
370.0
451.0
750.0
360.0
270.0
569.0
419.0
256.0
342.0
722.0
651.0
382.0
289.0
646.0
370.0
397.0
491.0
370.0
234.0
387.0
390.0
245.0
528.0
277.0
259.0
285.0
528.0
383.0
315.0
530.0
225.0
318.0
254.0
950.0
255.0
540.0
300.0
440.0
269.0
365.0
522.0
1050.0
250.0
385.0
352.0
266.0
410.0
245.0
849.0
274.0
415.0
268.0
592.0
270.0
255.0
600.0
500.0
273.0
651.0
270.0
425.0
800.0
330.0
246.0
900.0
255.0
259.0
279.0
781.0
296.0
340.0
594.0
399.0
354.0
339.0
366.0
265.0
340.0
260.0
279.0
250.0
288.0
260.0
465.0
2675.0
275.0
358.0
475.0
727.0
285.0
270.0
275.0
289.0
390.0
775.0
687.0
270.0
270.0
650.0
572.0
280.0
361.0
359.0
1110.0
250.0
331.0
615.0
365.0
580.0
400.0
396.0
950.0
280.0
458.0
284.0
269.0
279.0
276.0
229.0
270.0
340.0
345.0
389.0
249.0
306.0
235.0
769.0
235.0
401.0
602.0
257.0
237.0
398.0
274.0
239.0
246.0
792.0
480.0
386.0
352.0
1620.0
775.0
638.0
267.0
273.0
374.0
432.0
353.0
365.0
425.0
265.0
520.0
268.0
273.0
269.0
315.0
369.0
250.0
254.0
224.0
2450.0
651.0
560.0
255.0
525.0
424.0
449.0
585.0
373.0
307.0
269.0
500.0
380.0
1850.0
300.0
389.0
745.0
365.0
1065.0
595.0
300.0
603.0
470.0
375.0
900.0
960.0
395.0
561.0
610.0
335.0
290.0
555.0
249.0
382.0
245.0
295.0
363.0
350.0
295.0
270.0
435.0
359.0
274.0
883.0
1189.0
506.0
600.0
590.0
900.0
230.0
700.0
221.0
750.0
330.0
260.0
235.0
280.0
763.0
1568.0
369.0
1080.0
295.0
265.0
240.0
360.0
850.0
273.0
269.0
602.0
260.0
595.0
238.0
770.0
265.0
250.0
331.0
495.0
260.0
2150.0
300.0
285.0
489.0
1057.0
714.0
250.0
290.0
600.0
360.0
1005.0
264.0
404.0
341.0
355.0
313.0
320.0
249.0
696.0
471.0
227.0
270.0
531.0
601.0
490.0
530.0
549.0
272.0
975.0
440.0
287.0
280.0
385.0
259.0
329.0
426.0
630.0
334.0
370.0
2875.0
650.0
370.0
807.0
1000.0
637.0
230.0
385.0
265.0
255.0
390.0
336.0
540.0
368.0
304.0
357.0
300.0
379.0
241.0
340.0
326.0
1000.0
319.0
679.0
272.0
515.0
731.0
272.0
355.0
284.0
269.0
263.0
465.0
800.0
284.0
309.0
360.0
359.0
288.0
234.0
515.0
290.0
765.0
369.0
723.0
425.0
668.0
330.0
570.0
370.0
311.0
450.0
585.0
350.0
601.0
268.0
750.0
489.0
347.0
565.0
276.0
618.0
725.0
321.0
540.0
1025.0
1000.0
270.0
520.0
386.0
326.0
560.0
290.0
593.0
429.0
740.0
815.0
710.0
540.0
330.0
350.0
800.0
390.0
280.0
318.0
480.0
350.0
368.0
419.0
295.0
296.0
449.0
603.0
490.0
240.0
415.0
489.0
273.0
255.0
546.0
369.0
627.0
490.0
350.0
277.0
815.0
448.0
686.0
453.0
345.0
560.0
289.0
273.0
260.0
268.0
250.0
266.0
382.0
262.0
260.0
399.0
280.0
270.0
650.0
267.0
1290.0
234.0
533.0
488.0
370.0
253.0
360.0
580.0
269.0
379.0
437.0
393.0
565.0
263.0
355.0
265.0
375.0
422.0
375.0
505.0
396.0
247.0
318.0
380.0
295.0
284.0
775.0
226.0
244.0
385.0
690.0
475.0
299.0
236.0
447.0
395.0
1000.0
254.0
374.0
259.0
272.0
560.0
290.0
676.0
307.0
275.0
711.0
270.0
490.0
240.0
281.0
249.0
258.0
290.0
990.0
317.0
224.0
301.0
470.0
384.0
661.0
469.0
389.0
427.0
375.0
500.0
265.0
357.0
326.0
446.0
390.0
260.0
720.0
685.0
400.0
298.0
319.0
290.0
265.0
262.0
270.0
379.0
257.0
375.0
262.0
469.0
275.0
798.0
239.0
310.0
318.0
455.0
800.0
777.0
521.0
380.0
250.0
580.0
270.0
245.0
435.0
386.0
925.0
368.0
235.0
268.0
250.0
670.0
525.0
285.0
336.0
380.0
971.0
330.0
250.0
371.0
396.0
779.0
310.0
1020.0
759.0
365.0
340.0
299.0
775.0
388.0
388.0
375.0
586.0
386.0
410.0
269.0
430.0
260.0
746.0
302.0
355.0
273.0
299.0
270.0
533.0
350.0
1057.0
400.0
287.0
500.0
259.0
690.0
575.0
255.0
675.0
575.0
244.0
256.0
590.0
255.0
267.0
590.0
231.0
336.0
280.0
951.0
876.0
666.0
280.0
275.0
601.0
331.0
380.0
230.0
550.0
283.0
451.0
484.0
302.0
318.0
260.0
700.0
598.0
370.0
495.0
270.0
250.0
385.0
400.0
550.0
1015.0
317.0
800.0
350.0
400.0
410.0
420.0
245.0
272.0
243.0
300.0
619.0
848.0
361.0
347.0
372.0
320.0
275.0
269.0
389.0
276.0
316.0
539.0
520.0
295.0
350.0
793.0
480.0
540.0
299.0
431.0
634.0
231.0
287.0
245.0
465.0
766.0
250.0
265.0
380.0
411.0
524.0
410.0
620.0
315.0
318.0
245.0
349.0
305.0
235.0
355.0
368.0
416.0
857.0
265.0
435.0
670.0
290.0
556.0
405.0
275.0
350.0
272.0
345.0
268.0
389.0
399.0
290.0
264.0
290.0
545.0
521.0
870.0
277.0
360.0
560.0
265.0
370.0
659.0
545.0
690.0
815.0
728.0
700.0
367.0
700.0
374.0
655.0
260.0
344.0
399.0
230.0
270.0
330.0
682.0
278.0
236.0
470.0
411.0
1107.0
370.0
348.0
268.0
361.0
383.0
238.0
780.0
450.0
230.0
298.0
1248.0
353.0
859.0
2113.0
390.0
385.0
882.0
240.0
459.0
465.0
263.0
265.0
365.0
627.0
282.0
355.0
238.0
810.0
297.0
239.0
216.0
285.0
247.0
273.0
745.0
261.0
287.0
343.0
600.0
615.0
615.0
440.0
359.0
380.0
298.0
402.0
392.0
229.0
899.0
226.0
1535.0
317.0
245.0
470.0
252.0
252.0
288.0
240.0
375.0
515.0
375.0
250.0
265.0
339.0
544.0
255.0
262.0
418.0
390.0
205.0
790.0
440.0
278.0
400.0
279.0
705.0
390.0
360.0
388.0
357.0
594.0
283.0
285.0
249.0
316.0
830.0
265.0
320.0
374.0
650.0
270.0
230.0
265.0
265.0
390.0
530.0
399.0
287.0
880.0
251.0
501.0
282.0
1300.0
267.0
474.0
300.0
650.0
286.0
400.0
704.0
367.0
695.0
272.0
385.0
859.0
270.0
295.0
389.0
289.0
619.0
270.0
419.0
604.0
1850.0
570.0
380.0
443.0
395.0
270.0
325.0
309.0
420.0
840.0
750.0
320.0
760.0
600.0
289.0
272.0
521.0
380.0
290.0
1157.0
345.0
573.0
550.0
262.0
317.0
575.0
400.0
435.0
249.0
730.0
294.0
550.0
323.0
820.0
743.0
360.0
277.0
430.0
285.0
750.0
259.0
389.0
495.0
565.0
669.0
615.0
340.0
378.0
299.0
335.0
439.0
365.0
540.0
290.0
299.0
520.0
302.0
900.0
269.0
920.0
310.0
380.0
294.0
291.0
285.0
530.0
571.0
293.0
274.0
290.0
484.0
275.0
630.0
350.0
340.0
257.0
346.0
279.0
620.0
245.0
720.0
274.0
1214.0
325.0
379.0
240.0
271.0
590.0
339.0
370.0
264.0
355.0
340.0
607.0
306.0
252.0
274.0
267.0
358.0
260.0
561.0
270.0
280.0
516.0
319.0
331.0
900.0
280.0
437.0
275.0
500.0
240.0
307.0
500.0
394.0
270.0
690.0
280.0
429.0
239.0
300.0
779.0
249.0
254.0
551.0
230.0
273.0
420.0
500.0
261.0
275.0
566.0
680.0
440.0
348.0
270.0
295.0
598.0
845.0
290.0
700.0
375.0
724.0
678.0
275.0
395.0
266.0
347.0
419.0
865.0
221.0
290.0
395.0
839.0
526.0
274.0
308.0
365.0
275.0
310.0
270.0
355.0
1050.0
275.0
284.0
489.0
274.0
305.0
293.0
256.0
436.0
475.0
751.0
324.0
376.0
280.0
309.0
247.0
610.0
810.0
287.0
238.0
257.0
687.0
665.0
304.0
384.0
273.0
530.0
550.0
380.0
680.0
367.0
260.0
575.0
632.0
280.0
374.0
600.0
565.0
435.0
425.0
229.0
360.0
289.0
1051.0
275.0
775.0
330.0
494.0
596.0
800.0
810.0
284.0
235.0
353.0
245.0
259.0
410.0
355.0
420.0
298.0
365.0
900.0
549.0
1125.0
254.0
419.0
390.0
795.0
360.0
315.0
221.0
488.0
537.0
275.0
465.0
257.0
399.0
250.0
605.0
370.0
375.0
379.0
371.0
373.0
490.0
286.0
385.0
423.0
464.0
340.0
720.0
565.0
310.0
404.0
680.0
364.0
286.0
300.0
371.0
1009.0
510.0
284.0
1350.0
778.0
289.0
274.0
345.0
280.0
1005.0
310.0
334.0
637.0
390.0
461.0
500.0
300.0
230.0
238.0
259.0
400.0
441.0
330.0
565.0
700.0
375.0
250.0
500.0
285.0
556.0
488.0
401.0
310.0
256.0
361.0
272.0
390.0
910.0
239.0
465.0
425.0
766.0
329.0
290.0
700.0
290.0
255.0
450.0
715.0
440.0
399.0
270.0
600.0
1275.0
226.0
399.0
649.0
610.0
290.0
555.0
298.0
249.0
444.0
345.0
530.0
331.0
850.0
415.0
273.0
345.0
249.0
290.0
1400.0
445.0
240.0
425.0
300.0
291.0
1699.0
275.0
280.0
249.0
510.0
372.0
340.0
250.0
588.0
688.0
265.0
231.0
745.0
776.0
307.0
249.0
780.0
375.0
321.0
365.0
675.0
485.0
273.0
760.0
405.0
600.0
382.0
630.0
240.0
248.0
265.0
385.0
670.0
240.0
245.0
555.0
388.0
242.0
840.0
370.0
786.0
298.0
719.0
430.0
480.0
545.0
401.0
414.0
270.0
252.0
274.0
283.0
413.0
725.0
551.0
473.0
430.0
236.0
350.0
351.0
611.0
350.0
815.0
260.0
304.0
297.0
429.0
280.0
555.0
785.0
350.0
264.0
479.0
325.0
285.0
380.0
265.0
249.0
710.0
394.0
278.0
425.0
381.0
240.0
293.0
248.0
278.0
296.0
324.0
465.0
400.0
215.0
381.0
316.0
266.0
942.0
273.0
420.0
790.0
279.0
265.0
370.0
797.0
299.0
380.0
295.0
275.0
266.0
326.0
268.0
425.0
240.0
240.0
681.0
404.0
408.0
263.0
624.0
282.0
252.0
570.0
310.0
751.0
246.0
319.0
375.0
700.0
250.0
285.0
250.0
650.0
396.0
288.0
271.0
510.0
396.0
285.0
265.0
296.0
491.0
241.0
277.0
585.0
365.0
516.0
385.0
440.0
350.0
400.0
640.0
265.0
330.0
200.0
227.0
228.0
384.0
240.0
268.0
600.0
414.0
356.0
374.0
450.0
1050.0
580.0
350.0
289.0
575.0
550.0
311.0
461.0
265.0
277.0
644.0
503.0
319.0
1000.0
901.0
336.0
1076.0
325.0
399.0
290.0
280.0
489.0
270.0
400.0
896.0
702.0
1299.0
725.0
300.0
428.0
280.0
265.0
559.0
390.0
401.0
273.0
415.0
420.0
411.0
585.0
695.0
240.0
480.0
598.0
414.0
1185.0
295.0
265.0
500.0
340.0
349.0
500.0
285.0
240.0
360.0
944.0
412.0
551.0
299.0
337.0
245.0
242.0
379.0
373.0
541.0
585.0
450.0
324.0
270.0
1380.0
1117.0
914.0
890.0
375.0
270.0
380.0
291.0
650.0
2200.0
265.0
435.0
363.0
249.0
260.0
245.0
540.0
270.0
262.0
367.0
268.0
600.0
570.0
560.0
340.0
699.0
372.0
253.0
688.0
250.0
351.0
243.0
278.0
625.0
339.0
398.0
575.0
412.0
692.0
252.0
429.0
411.0
535.0
787.0
254.0
680.0
714.0
276.0
2399.0
750.0
270.0
570.0
290.0
517.0
280.0
380.0
285.0
315.0
520.0
283.0
349.0
404.0
469.0
477.0
805.0
323.0
400.0
405.0
780.0
445.0
650.0
464.0
260.0
285.0
276.0
275.0
371.0
230.0
652.0
235.0
264.0
262.0
380.0
284.0
250.0
450.0
275.0
421.0
626.0
531.0
323.0
239.0
354.0
240.0
275.0
316.0
775.0
530.0
450.0
260.0
382.0
274.0
375.0
520.0
470.0
399.0
260.0
498.0
260.0
400.0
320.0
270.0
709.0
239.0
307.0
389.0
417.0
635.0
271.0
280.0
240.0
230.0
257.0
275.0
300.0
220.0
660.0
250.0
322.0
432.0
1085.0
900.0
402.0
258.0
350.0
881.0
248.0
240.0
338.0
274.0
325.0
550.0
341.0
335.0
379.0
464.0
670.0
785.0
270.0
370.0
485.0
281.0
420.0
294.0
244.0
265.0
250.0
710.0
250.0
282.0
495.0
409.0
409.0
699.0
255.0
240.0
1100.0
387.0
221.0
387.0
420.0
472.0
646.0
419.0
900.0
269.0
240.0
355.0
270.0
360.0
400.0
1000.0
267.0
725.0
338.0
600.0
270.0
449.0
589.0
259.0
390.0
262.0
280.0
367.0
368.0
1130.0
262.0
790.0
885.0
235.0
485.0
660.0
310.0
589.0
235.0
596.0
277.0
418.0
666.0
515.0
403.0
820.0
287.0
283.0
240.0
265.0
360.0
375.0
415.0
685.0
485.0
298.0
672.0
265.0
372.0
747.0
354.0
571.0
263.0
900.0
409.0
361.0
350.0
275.0
560.0
375.0
347.0
300.0
380.0
794.0
348.0
326.0
249.0
449.0
275.0
360.0
455.0
240.0
349.0
268.0
974.0
384.0
258.0
554.0
358.0
250.0
255.0
282.0
663.0
255.0
365.0
261.0
275.0
313.0
270.0
364.0
450.0
572.0
530.0
942.0
229.0
450.0
440.0
329.0
325.0
258.0
260.0
449.0
681.0
886.0
256.0
438.0
257.0
365.0
255.0
263.0
267.0
267.0
424.0
229.0
498.0
220.0
550.0
242.0
306.0
240.0
415.0
243.0
261.0
360.0
249.0
265.0
657.0
259.0
420.0
789.0
230.0
623.0
273.0
265.0
1050.0
403.0
353.0
381.0
270.0
304.0
349.0
448.0
375.0
400.0
400.0
795.0
240.0
418.0
240.0
400.0
682.0
900.0
518.0
394.0
235.0
630.0
361.0
251.0
277.0
379.0
976.0
273.0
450.0
359.0
439.0
370.0
286.0
694.0
299.0
549.0
910.0
280.0
310.0
374.0
400.0
630.0
355.0
339.0
279.0
262.0
610.0
399.0
408.0
401.0
275.0
270.0
630.0
374.0
685.0
780.0
631.0
303.0
355.0
271.0
375.0
290.0
764.0
611.0
200.0
234.0
207.0
444.0
265.0
259.0
440.0
393.0
590.0
376.0
440.0
911.0
605.0
260.0
270.0
342.0
235.0
860.0
374.0
246.0
275.0
294.0
393.0
359.0
330.0
395.0
332.0
602.0
312.0
970.0
250.0
273.0
283.0
605.0
775.0
674.0
1080.0
240.0
268.0
236.0
434.0
395.0
280.0
620.0
700.0
595.0
900.0
628.0
460.0
360.0
275.0
740.0
268.0
335.0
570.0
694.0
420.0
345.0
280.0
278.0
289.0
1200.0
1000.0
264.0
290.0
620.0
288.0
310.0
385.0
450.0
569.0
675.0
397.0
588.0
321.0
248.0
1260.0
364.0
340.0
299.0
389.0
320.0
304.0
394.0
412.0
390.0
575.0
345.0
349.0
377.0
267.0
300.0
220.0
279.0
375.0
268.0
740.0
625.0
425.0
283.0
625.0
415.0
578.0
292.0
394.0
755.0
499.0
799.0
280.0
210.0
274.0
298.0
400.0
553.0
221.0
500.0
274.0
440.0
360.0
469.0
754.0
265.0
269.0
260.0
313.0
809.0
270.0
360.0
770.0
602.0
260.0
300.0
300.0
245.0
875.0
410.0
465.0
559.0
505.0
420.0
288.0
262.0
784.0
675.0
289.0
800.0
630.0
377.0
258.0
660.0
585.0
385.0
520.0
430.0
640.0
1111.0
421.0
376.0
248.0
345.0
621.0
689.0
619.0
540.0
370.0
380.0
275.0
485.0
395.0
319.0
620.0
285.0
430.0
277.0
255.0
639.0
535.0
258.0
1500.0
928.0
247.0
300.0
265.0
239.0
247.0
445.0
400.0
269.0
304.0
320.0
820.0
310.0
225.0
279.0
366.0
280.0
390.0
273.0
320.0
228.0
575.0
675.0
750.0
265.0
286.0
279.0
250.0
340.0
888.0
1655.0
440.0
999.0
850.0
245.0
900.0
300.0
395.0
259.0
1015.0
491.0
355.0
225.0
384.0
244.0
750.0
229.0
300.0
398.0
318.0
265.0
375.0
485.0
254.0
248.0
220.0
265.0
229.0
236.0
274.0
600.0
583.0
600.0
294.0
360.0
274.0
287.0
260.0
409.0
995.0
225.0
381.0
530.0
280.0
301.0
260.0
275.0
710.0
650.0
260.0
651.0
299.0
730.0
256.0
270.0
273.0
500.0
270.0
381.0
1050.0
294.0
247.0
580.0
288.0
270.0
416.0
531.0
320.0
379.0
351.0
340.0
275.0
360.0
415.0
384.0
725.0
375.0
675.0
455.0
549.0
620.0
575.0
270.0
430.0
425.0
230.0
262.0
281.0
390.0
392.0
280.0
360.0
700.0
275.0
540.0
292.0
723.0
324.0
224.0
413.0
260.0
388.0
430.0
293.0
270.0
262.0
225.0
260.0
297.0
396.0
267.0
719.0
450.0
365.0
500.0
330.0
480.0
310.0
807.0
395.0
263.0
359.0
795.0
565.0
352.0
370.0
695.0
699.0
260.0
237.0
280.0
400.0
919.0
315.0
730.0
245.0
651.0
402.0
680.0
225.0
560.0
370.0
346.0
720.0
366.0
413.0
254.0
326.0
280.0
470.0
389.0
465.0
265.0
379.0
510.0
610.0
244.0
275.0
306.0
520.0
495.0
690.0
373.0
235.0
298.0
382.0
520.0
300.0
360.0
576.0
259.0
471.0
349.0
241.0
272.0
668.0
364.0
515.0
275.0
285.0
260.0
244.0
363.0
314.0
315.0
280.0
325.0
398.0
282.0
256.0
500.0
375.0
201.0
407.0
255.0
345.0
500.0
279.0
280.0
309.0
256.0
250.0
310.0
592.0
279.0
460.0
370.0
223.0
263.0
270.0
399.0
294.0
449.0
335.0
382.0
365.0
360.0
495.0
729.0
1100.0
265.0
260.0
550.0
239.0
313.0
245.0
273.0
901.0
1179.0
260.0
625.0
452.0
420.0
244.0
600.0
327.0
435.0
835.0
367.0
587.0
280.0
425.0
315.0
437.0
686.0
239.0
244.0
505.0
768.0
340.0
297.0
495.0
1020.0
399.0
398.0
488.0
850.0
463.0
368.0
300.0
275.0
283.0
455.0
270.0
245.0
315.0
345.0
237.0
396.0
255.0
510.0
575.0
215.0
344.0
685.0
710.0
970.0
705.0
880.0
255.0
446.0
261.0
750.0
308.0
327.0
780.0
485.0
382.0
330.0
415.0
425.0
284.0
569.0
575.0
226.0
398.0
247.0
395.0
700.0
464.0
300.0
392.0
235.0
305.0
425.0
560.0
306.0
339.0
351.0
500.0
664.0
440.0
355.0
410.0
680.0
678.0
270.0
265.0
1637.0
384.0
415.0
800.0
430.0
258.0
355.0
575.0
322.0
485.0
285.0
750.0
2698.0
258.0
265.0
550.0
288.0
635.0
280.0
476.0
246.0
630.0
249.0
730.0
276.0
450.0
405.0
265.0
257.0
1155.0
440.0
345.0
325.0
375.0
680.0
206.0
270.0
808.0
540.0
236.0
255.0
242.0
392.0
245.0
267.0
246.0
971.0
603.0
430.0
662.0
250.0
240.0
555.0
686.0
397.0
250.0
235.0
410.0
715.0
577.0
255.0
615.0
536.0
400.0
484.0
530.0
795.0
802.0
408.0
672.0
549.0
252.0
388.0
405.0
350.0
290.0
900.0
730.0
300.0
600.0
515.0
283.0
245.0
260.0
249.0
525.0
459.0
250.0
303.0
464.0
820.0
565.0
280.0
260.0
284.0
285.0
750.0
715.0
819.0
512.0
250.0
425.0
293.0
270.0
340.0
235.0
395.0
362.0
260.0
346.0
350.0
316.0
299.0
388.0
445.0
378.0
270.0
520.0
1750.0
274.0
249.0
300.0
380.0
378.0
355.0
505.0
273.0
425.0
1020.0
273.0
588.0
221.0
430.0
600.0
450.0
270.0
350.0
614.0
649.0
567.0
289.0
387.0
425.0
425.0
511.0
283.0
406.0
340.0
520.0
600.0
227.0
301.0
502.0
254.0
383.0
260.0
340.0
272.0
660.0
375.0
603.0
320.0
360.0
243.0
370.0
294.0
345.0
532.0
369.0
805.0
276.0
273.0
435.0
400.0
920.0
398.0
350.0
284.0
276.0
390.0
274.0
325.0
390.0
359.0
535.0
1148.0
389.0
448.0
380.0
375.0
612.0
248.0
450.0
376.0
520.0
245.0
277.0
591.0
369.0
266.0
236.0
395.0
369.0
346.0
370.0
725.0
235.0
247.0
280.0
775.0
500.0
279.0
429.0
786.0
1399.0
264.0
400.0
339.0
244.0
305.0
560.0
1450.0
690.0
262.0
273.0
981.0
412.0
294.0
417.0
735.0
288.0
780.0
950.0
315.0
234.0
250.0
733.0
230.0
329.0
288.0
454.0
310.0
546.0
1151.0
420.0
348.0
272.0
670.0
291.0
446.0
640.0
1600.0
265.0
635.0
669.0
720.0
545.0
306.0
299.0
540.0
240.0
725.0
550.0
677.0
271.0
389.0
605.0
790.0
365.0
360.0
1655.0
235.0
395.0
259.0
395.0
493.0
350.0
699.0
594.0
270.0
627.0
269.0
906.0
926.0
280.0
746.0
488.0
410.0
839.0
260.0
420.0
262.0
559.0
310.0
230.0
274.0
430.0
271.0
790.0
490.0
375.0
388.0
693.0
353.0
365.0
257.0
435.0
250.0
680.0
386.0
386.0
222.0
244.0
380.0
275.0
277.0
220.0
425.0
318.0
285.0
430.0
290.0
290.0
530.0
270.0
449.0
248.0
353.0
400.0
470.0
241.0
367.0
410.0
455.0
358.0
816.0
392.0
380.0
297.0
660.0
333.0
283.0
794.0
898.0
638.0
360.0
350.0
702.0
264.0
550.0
283.0
405.0
610.0
390.0
424.0
367.0
474.0
265.0
279.0
250.0
309.0
410.0
385.0
421.0
218.0
520.0
650.0
414.0
970.0
380.0
430.0
400.0
297.0
420.0
550.0
498.0
391.0
1414.0
247.0
521.0
688.0
286.0
335.0
264.0
749.0
261.0
276.0
775.0
260.0
340.0
800.0
666.0
1400.0
390.0
1051.0
372.0
1100.0
279.0
265.0
425.0
280.0
234.0
240.0
373.0
699.0
255.0
726.0
1850.0
294.0
310.0
700.0
680.0
390.0
380.0
690.0
755.0
850.0
248.0
495.0
396.0
800.0
1150.0
235.0
360.0
670.0
525.0
333.0
407.0
1250.0
250.0
245.0
276.0
312.0
389.0
244.0
426.0
300.0
410.0
275.0
384.0
425.0
220.0
415.0
257.0
249.0
425.0
281.0
389.0
334.0
309.0
458.0
545.0
713.0
600.0
276.0
870.0
267.0
305.0
386.0
359.0
254.0
265.0
240.0
585.0
276.0
320.0
389.0
220.0
900.0
615.0
269.0
225.0
371.0
765.0
245.0
438.0
379.0
250.0
285.0
268.0
254.0
800.0
420.0
370.0
238.0
324.0
310.0
299.0
603.0
270.0
246.0
276.0
230.0
589.0
299.0
377.0
395.0
294.0
369.0
323.0
385.0
239.0
385.0
390.0
312.0
686.0
244.0
250.0
371.0
400.0
416.0
605.0
375.0
273.0
638.0
304.0
274.0
630.0
640.0
287.0
305.0
552.0
286.0
260.0
390.0
295.0
260.0
274.0
280.0
663.0
264.0
342.0
410.0
269.0
394.0
250.0
266.0
315.0
455.0
440.0
414.0
263.0
300.0
497.0
245.0
265.0
240.0
417.0
430.0
904.0
350.0
391.0
285.0
787.0
370.0
256.0
455.0
350.0
263.0
245.0
437.0
490.0
725.0
360.0
359.0
293.0
345.0
1263.0
570.0
261.0
450.0
295.0
805.0
625.0
228.0
240.0
349.0
569.0
460.0
466.0
286.0
228.0
498.0
410.0
330.0
245.0
230.0
450.0
350.0
499.0
760.0
644.0
553.0
783.0
263.0
273.0
600.0
770.0
960.0
271.0
221.0
660.0
590.0
447.0
285.0
266.0
360.0
535.0
1750.0
410.0
370.0
590.0
258.0
263.0
482.0
540.0
229.0
290.0
1020.0
269.0
255.0
270.0
615.0
385.0
700.0
375.0
361.0
260.0
565.0
366.0
595.0
269.0
385.0
230.0
247.0
699.0
215.0
429.0
700.0
401.0
370.0
288.0
285.0
420.0
426.0
372.0
281.0
280.0
300.0
260.0
385.0
330.0
300.0
840.0
585.0
760.0
303.0
415.0
240.0
261.0
264.0
400.0
272.0
303.0
910.0
272.0
289.0
343.0
310.0
396.0
270.0
550.0
240.0
420.0
625.0
225.0
410.0
227.0
393.0
250.0
585.0
569.0
396.0
607.0
234.0
345.0
816.0
540.0
350.0
240.0
800.0
450.0
248.0
270.0
859.0
1200.0
254.0
253.0
295.0
610.0
250.0
269.0
300.0
765.0
410.0
364.0
746.0
2299.0
575.0
420.0
250.0
461.0
225.0
275.0
255.0
1155.0
261.0
370.0
250.0
325.0
667.0
1290.0
297.0
560.0
240.0
345.0
279.0
235.0
362.0
1390.0
792.0
682.0
274.0
339.0
380.0
540.0
1336.0
561.0
238.0
530.0
344.0
270.0
245.0
234.0
344.0
255.0
244.0
794.0
265.0
247.0
424.0
272.0
395.0
451.0
320.0
838.0
236.0
569.0
274.0
370.0
399.0
275.0
317.0
1585.0
378.0
288.0
300.0
371.0
256.0
645.0
449.0
273.0
345.0
265.0
269.0
294.0
373.0
715.0
247.0
233.0
272.0
274.0
998.0
232.0
700.0
570.0
460.0
275.0
400.0
413.0
419.0
450.0
367.0
299.0
368.0
777.0
655.0
514.0
285.0
630.0
288.0
268.0
355.0
260.0
361.0
490.0
270.0
699.0
380.0
298.0
1136.0
551.0
811.0
526.0
440.0
235.0
499.0
389.0
380.0
480.0
370.0
1735.0
373.0
255.0
232.0
385.0
309.0
825.0
295.0
330.0
690.0
640.0
253.0
375.0
785.0
990.0
545.0
300.0
456.0
245.0
390.0
292.0
246.0
265.0
430.0
320.0
370.0
273.0
352.0
270.0
268.0
370.0
315.0
300.0
329.0
300.0
600.0
260.0
595.0
250.0
469.0
382.0
575.0
675.0
282.0
260.0
390.0
330.0
375.0
1522.0
470.0
245.0
650.0
330.0
555.0
325.0
690.0
470.0
250.0
263.0
375.0
350.0
1085.0
316.0
248.0
270.0
510.0
265.0
343.0
380.0
735.0
360.0
284.0
318.0
230.0
409.0
310.0
268.0
400.0
248.0
545.0
515.0
233.0
579.0
658.0
314.0
225.0
515.0
292.0
269.0
250.0
600.0
455.0
555.0
223.0
780.0
569.0
1000.0
528.0
264.0
280.0
284.0
270.0
258.0
314.0
340.0
258.0
599.0
346.0
390.0
297.0
370.0
279.0
650.0
272.0
290.0
505.0
331.0
526.0
384.0
319.0
568.0
284.0
410.0
490.0
241.0
600.0
242.0
275.0
725.0
785.0
715.0
800.0
370.0
506.0
814.0
1250.0
278.0
285.0
560.0
420.0
290.0
440.0
533.0
298.0
260.0
480.0
268.0
420.0
252.0
272.0
420.0
472.0
290.0
355.0
450.0
355.0
240.0
275.0
501.0
295.0
320.0
850.0
372.0
265.0
1730.0
295.0
272.0
520.0
485.0
800.0
320.0
258.0
1660.0
625.0
331.0
390.0
1375.0
405.0
830.0
1050.0
320.0
747.0
259.0
650.0
252.0
515.0
698.0
418.0
830.0
233.0
250.0
998.0
228.0
300.0
311.0
236.0
496.0
310.0
950.0
270.0
286.0
317.0
710.0
630.0
635.0
384.0
309.0
395.0
244.0
630.0
243.0
330.0
277.0
234.0
413.0
650.0
975.0
239.0
445.0
299.0
259.0
559.0
570.0
230.0
271.0
298.0
448.0
680.0
235.0
760.0
1405.0
697.0
250.0
1099.0
383.0
440.0
250.0
363.0
257.0
260.0
418.0
1700.0
590.0
460.0
604.0
590.0
501.0
238.0
250.0
496.0
342.0
460.0
435.0
379.0
356.0
536.0
565.0
230.0
749.0
299.0
485.0
370.0
850.0
660.0
251.0
390.0
292.0
265.0
384.0
300.0
355.0
560.0
283.0
315.0
266.0
286.0
260.0
428.0
650.0
725.0
228.0
530.0
214.0
410.0
271.0
792.0
324.0
625.0
539.0
315.0
311.0
237.0
230.0
532.0
380.0
302.0
244.0
593.0
282.0
292.0
281.0
535.0
550.0
291.0
379.0
230.0
425.0
385.0
308.0
283.0
340.0
425.0
695.0
270.0
397.0
280.0
250.0
240.0
585.0
335.0
389.0
390.0
272.0
347.0
308.0
268.0
455.0
280.0
285.0
500.0
276.0
365.0
425.0
398.0
540.0
265.0
370.0
422.0
224.0
245.0
725.0
378.0
301.0
460.0
390.0
570.0
540.0
245.0
453.0
372.0
475.0
1500.0
230.0
585.0
298.0
499.0
669.0
415.0
800.0
218.0
380.0
1382.0
475.0
760.0
547.0
393.0
320.0
330.0
364.0
240.0
360.0
253.0
270.0
300.0
582.0
555.0
392.0
350.0
665.0
672.0
234.0
794.0
1050.0
300.0
370.0
565.0
280.0
285.0
245.0
269.0
727.0
542.0
580.0
285.0
746.0
256.0
290.0
315.0
275.0
373.0
1980.0
325.0
639.0
257.0
382.0
222.0
385.0
260.0
280.0
369.0
385.0
438.0
530.0
365.0
410.0
827.0
245.0
359.0
629.0
1120.0
394.0
234.0
280.0
251.0
590.0
301.0
640.0
241.0
374.0
500.0
290.0
263.0
273.0
260.0
335.0
264.0
263.0
259.0
406.0
391.0
1000.0
800.0
337.0
1020.0
552.0
460.0
400.0
300.0
423.0
424.0
640.0
269.0
750.0
420.0
350.0
352.0
746.0
2300.0
405.0
500.0
298.0
250.0
365.0
785.0
435.0
500.0
565.0
285.0
720.0
245.0
875.0
558.0
320.0
701.0
635.0
240.0
378.0
670.0
258.0
680.0
700.0
264.0
800.0
568.0
377.0
294.0
375.0
335.0
310.0
355.0
275.0
705.0
324.0
270.0
849.0
284.0
266.0
293.0
298.0
360.0
252.0
620.0
610.0
380.0
360.0
570.0
322.0
273.0
774.0
337.0
270.0
368.0
919.0
598.0
320.0
325.0
247.0
280.0
269.0
475.0
553.0
393.0
330.0
325.0
599.0
669.0
356.0
383.0
513.0
376.0
376.0
660.0
1200.0
456.0
275.0
454.0
299.0
345.0
420.0
955.0
274.0
304.0
395.0
518.0
511.0
260.0
239.0
282.0
375.0
264.0
294.0
473.0
590.0
889.0
299.0
410.0
376.0
257.0
594.0
340.0
350.0
440.0
385.0
236.0
300.0
269.0
690.0
345.0
250.0
600.0
380.0
246.0
252.0
710.0
290.0
410.0
295.0
265.0
590.0
435.0
320.0
240.0
740.0
240.0
294.0
410.0
895.0
253.0
260.0
354.0
575.0
313.0
465.0
890.0
275.0
285.0
607.0
790.0
783.0
330.0
400.0
723.0
300.0
485.0
299.0
368.0
700.0
600.0
535.0
289.0
600.0
362.0
503.0
354.0
216.0
616.0
385.0
380.0
550.0
315.0
560.0
370.0
500.0
295.0
425.0
243.0
352.0
490.0
795.0
227.0
272.0
835.0
854.0
685.0
604.0
368.0
280.0
325.0
321.0
257.0
618.0
303.0
515.0
948.0
425.0
245.0
242.0
269.0
275.0
488.0
375.0
275.0
253.0
660.0
375.0
401.0
263.0
445.0
248.0
299.0
295.0
270.0
665.0
455.0
600.0
549.0
267.0
325.0
255.0
324.0
210.0
375.0
465.0
430.0
292.0
625.0
410.0
440.0
438.0
280.0
255.0
493.0
543.0
1506.0
780.0
299.0
285.0
380.0
556.0
375.0
250.0
395.0
269.0
223.0
555.0
279.0
395.0
328.0
279.0
277.0
547.0
610.0
388.0
421.0
941.0
289.0
618.0
660.0
420.0
286.0
758.0
420.0
375.0
420.0
703.0
1220.0
345.0
293.0
250.0
290.0
290.0
415.0
228.0
339.0
446.0
256.0
262.0
375.0
700.0
1047.0
820.0
244.0
252.0
690.0
474.0
269.0
580.0
249.0
257.0
969.0
1647.0
443.0
750.0
356.0
390.0
380.0
330.0
265.0
214.0
389.0
590.0
690.0
265.0
258.0
601.0
540.0
233.0
264.0
460.0
360.0
570.0
632.0
260.0
2000.0
251.0
299.0
915.0
280.0
418.0
570.0
569.0
370.0
240.0
485.0
399.0
238.0
1480.0
284.0
352.0
274.0
325.0
348.0
455.0
250.0
280.0
530.0
497.0
354.0
245.0
283.0
290.0
246.0
740.0
268.0
387.0
286.0
225.0
536.0
240.0
347.0
235.0
461.0
808.0
275.0
515.0
650.0
240.0
578.0
361.0
249.0
552.0
414.0
529.0
590.0
259.0
455.0
269.0
338.0
347.0
420.0
393.0
336.0
685.0
259.0
600.0
285.0
370.0
600.0
663.0
279.0
507.0
259.0
375.0
400.0
245.0
274.0
450.0
590.0
401.0
510.0
364.0
313.0
820.0
376.0
379.0
447.0
262.0
347.0
681.0
336.0
370.0
715.0
1109.0
350.0
299.0
250.0
373.0
720.0
380.0
584.0
820.0
455.0
490.0
343.0
336.0
275.0
422.0
400.0
500.0
629.0
258.0
380.0
695.0
856.0
1363.0
228.0
255.0
254.0
230.0
420.0
1280.0
259.0
980.0
255.0
914.0
385.0
275.0
579.0
239.0
315.0
283.0
565.0
310.0
410.0
270.0
271.0
370.0
765.0
240.0
265.0
586.0
275.0
341.0
448.0
411.0
505.0
271.0
252.0
272.0
415.0
200.0
1300.0
288.0
530.0
567.0
525.0
371.0
283.0
269.0
239.0
274.0
245.0
329.0
250.0
932.0
404.0
393.0
275.0
390.0
267.0
499.0
1137.0
760.0
265.0
670.0
850.0
300.0
255.0
367.0
295.0
290.0
271.0
2257.0
235.0
380.0
440.0
1190.0
385.0
270.0
422.0
370.0
361.0
268.0
399.0
320.0
230.0
830.0
432.0
689.0
462.0
225.0
452.0
246.0
245.0
570.0
375.0
288.0
290.0
675.0
270.0
249.0
260.0
395.0
305.0
308.0
285.0
770.0
270.0
496.0
484.0
440.0
264.0
353.0
650.0
368.0
385.0
441.0
630.0
285.0
422.0
425.0
276.0
244.0
330.0
400.0
281.0
779.0
400.0
265.0
280.0
422.0
648.0
355.0
317.0
555.0
299.0
565.0
249.0
670.0
915.0
750.0
760.0
599.0
280.0
245.0
774.0
590.0
799.0
380.0
390.0
275.0
258.0
257.0
230.0
287.0
295.0
440.0
218.0
819.0
768.0
535.0
275.0
360.0
402.0
580.0
280.0
560.0
292.0
260.0
255.0
740.0
353.0
403.0
260.0
260.0
346.0
480.0
263.0
749.0
460.0
240.0
370.0
259.0
289.0
280.0
745.0
530.0
300.0
276.0
671.0
1050.0
354.0
484.0
791.0
384.0
300.0
799.0
611.0
712.0
230.0
259.0
413.0
240.0
280.0
200.0
273.0
268.0
247.0
274.0
350.0
390.0
934.0
823.0
335.0
549.0
750.0
328.0
279.0
250.0
650.0
286.0
330.0
619.0
324.0
480.0
650.0
369.0
655.0
457.0
385.0
415.0
875.0
555.0
700.0
406.0
235.0
330.0
295.0
255.0
280.0
300.0
229.0
250.0
540.0
499.0
753.0
845.0
254.0
369.0
767.0
540.0
285.0
259.0
400.0
268.0
810.0
355.0
270.0
710.0
371.0
256.0
240.0
778.0
260.0
400.0
570.0
451.0
1020.0
420.0
391.0
805.0
300.0
385.0
295.0
235.0
341.0
369.0
270.0
295.0
590.0
675.0
268.0
260.0
277.0
325.0
396.0
545.0
575.0
292.0
317.0
390.0
244.0
906.0
427.0
396.0
560.0
238.0
317.0
480.0
375.0
265.0
276.0
265.0
262.0
650.0
250.0
351.0
383.0
649.0
307.0
260.0
240.0
373.0
341.0
360.0
529.0
242.0
405.0
301.0
265.0
261.0
250.0
275.0
2098.0
690.0
1097.0
298.0
265.0
1100.0
601.0
360.0
450.0
250.0
240.0
346.0
414.0
455.0
270.0
630.0
815.0
1900.0
290.0
389.0
805.0
680.0
284.0
640.0
279.0
297.0
1015.0
461.0
400.0
260.0
352.0
310.0
600.0
385.0
246.0
619.0
460.0
341.0
364.0
1055.0
1000.0
247.0
810.0
271.0
379.0
285.0
275.0
631.0
646.0
684.0
653.0
386.0
320.0
362.0
250.0
535.0
245.0
770.0
329.0
600.0
318.0
422.0
283.0
370.0
442.0
1245.0
500.0
430.0
240.0
257.0
555.0
300.0
1299.0
272.0
555.0
1110.0
548.0
777.0
810.0
653.0
770.0
360.0
323.0
975.0
350.0
235.0
549.0
589.0
255.0
410.0
275.0
640.0
303.0
920.0
264.0
550.0
365.0
560.0
267.0
422.0
300.0
350.0
590.0
360.0
785.0
258.0
415.0
341.0
720.0
408.0
400.0
676.0
719.0
700.0
444.0
300.0
345.0
278.0
820.0
875.0
281.0
412.0
280.0
2150.0
380.0
479.0
290.0
615.0
380.0
870.0
568.0
585.0
298.0
250.0
399.0
261.0
475.0
358.0
679.0
775.0
385.0
385.0
248.0
342.0
785.0
302.0
261.0
1399.0
294.0
545.0
505.0
301.0
257.0
263.0
886.0
390.0
365.0
252.0
301.0
878.0
374.0
219.0
279.0
259.0
333.0
542.0
381.0
415.0
670.0
501.0
849.0
351.0
315.0
362.0
650.0
345.0
870.0
248.0
415.0
320.0
223.0
430.0
294.0
265.0
838.0
568.0
275.0
525.0
360.0
279.0
294.0
364.0
265.0
533.0
265.0
300.0
342.0
390.0
650.0
800.0
310.0
570.0
540.0
700.0
385.0
1701.0
273.0
389.0
387.0
430.0
268.0
346.0
265.0
637.0
710.0
280.0
360.0
700.0
240.0
601.0
672.0
505.0
540.0
375.0
525.0
664.0
573.0
233.0
272.0
685.0
393.0
238.0
653.0
375.0
849.0
516.0
270.0
470.0
387.0
471.0
470.0
281.0
265.0
500.0
256.0
279.0
257.0
855.0
272.0
275.0
245.0
615.0
309.0
290.0
260.0
300.0
500.0
460.0
334.0
460.0
445.0
333.0
397.0
350.0
423.0
365.0
375.0
245.0
259.0
565.0
1280.0
550.0
475.0
275.0
620.0
699.0
682.0
385.0
285.0
515.0
795.0
670.0
230.0
707.0
860.0
420.0
560.0
979.0
270.0
740.0
787.0
1030.0
980.0
415.0
345.0
271.0
348.0
456.0
350.0
278.0
700.0
250.0
275.0
466.0
278.0
1250.0
284.0
1750.0
424.0
390.0
652.0
235.0
650.0
395.0
292.0
251.0
270.0
270.0
420.0
293.0
545.0
294.0
272.0
261.0
372.0
757.0
225.0
230.0
269.0
274.0
480.0
687.0
570.0
331.0
340.0
242.0
268.0
462.0
590.0
449.0
353.0
390.0
259.0
380.0
949.0
330.0
288.0
360.0
355.0
626.0
331.0
504.0
622.0
278.0
412.0
377.0
300.0
240.0
633.0
264.0
357.0
379.0
275.0
277.0
400.0
375.0
460.0
275.0
320.0
264.0
420.0
525.0
649.0
345.0
399.0
235.0
1140.0
348.0
381.0
818.0
319.0
435.0
338.0
249.0
259.0
345.0
519.0
378.0
881.0
569.0
258.0
400.0
267.0
598.0
285.0
475.0
255.0
852.0
339.0
491.0
250.0
751.0
248.0
246.0
350.0
301.0
634.0
245.0
550.0
393.0
409.0
266.0
229.0
265.0
380.0
404.0
392.0
291.0
374.0
350.0
380.0
459.0
685.0
800.0
440.0
260.0
270.0
535.0
345.0
328.0
234.0
314.0
1650.0
264.0
255.0
310.0
850.0
444.0
443.0
280.0
365.0
580.0
488.0
375.0
844.0
600.0
436.0
952.0
387.0
380.0
582.0
540.0
499.0
605.0
373.0
404.0
600.0
429.0
230.0
287.0
765.0
507.0
370.0
375.0
304.0
350.0
230.0
351.0
227.0
842.0
250.0
381.0
255.0
384.0
645.0
450.0
365.0
390.0
807.0
375.0
620.0
402.0
630.0
841.0
260.0
260.0
428.0
274.0
265.0
374.0
259.0
414.0
292.0
237.0
389.0
289.0
260.0
660.0
590.0
287.0
245.0
416.0
671.0
260.0
371.0
388.0
304.0
318.0
253.0
395.0
622.0
259.0
396.0
290.0
266.0
250.0
355.0
1319.0
310.0
365.0
258.0
370.0
269.0
221.0
952.0
475.0
692.0
315.0
600.0
252.0
747.0
450.0
351.0
454.0
395.0
248.0
275.0
347.0
269.0
378.0
615.0
690.0
333.0
325.0
428.0
2270.0
410.0
487.0
268.0
369.0
1025.0
300.0
885.0
728.0
245.0
288.0
315.0
339.0
350.0
800.0
273.0
695.0
419.0
2067.0
555.0
275.0
600.0
239.0
580.0
249.0
330.0
800.0
273.0
270.0
265.0
330.0
350.0
340.0
275.0
375.0
865.0
427.0
431.0
385.0
229.0
469.0
279.0
380.0
580.0
451.0
785.0
725.0
290.0
270.0
575.0
286.0
277.0
225.0
240.0
289.0
360.0
360.0
584.0
443.0
544.0
227.0
400.0
254.0
610.0
780.0
786.0
278.0
389.0
650.0
335.0
237.0
750.0
510.0
419.0
344.0
287.0
799.0
301.0
249.0
324.0
340.0
650.0
350.0
287.0
269.0
315.0
519.0
373.0
359.0
950.0
610.0
605.0
369.0
419.0
416.0
635.0
489.0
263.0
390.0
223.0
255.0
396.0
240.0
375.0
385.0
403.0
542.0
255.0
400.0
489.0
287.0
296.0
400.0
245.0
400.0
260.0
347.0
289.0
330.0
380.0
457.0
450.0
609.0
362.0
450.0
230.0
434.0
265.0
310.0
340.0
520.0
667.0
455.0
222.0
275.0
325.0
362.0
610.0
310.0
572.0
299.0
345.0
389.0
572.0
402.0
315.0
465.0
239.0
407.0
540.0
390.0
670.0
460.0
385.0
256.0
488.0
885.0
582.0
1885.0
560.0
310.0
645.0
419.0
364.0
540.0
270.0
565.0
287.0
457.0
288.0
289.0
417.0
1399.0
475.0
330.0
395.0
270.0
745.0
410.0
402.0
680.0
640.0
325.0
429.0
272.0
1285.0
375.0
270.0
359.0
548.0
540.0
280.0
241.0
665.0
455.0
250.0
252.0
238.0
269.0
274.0
317.0
618.0
370.0
280.0
263.0
587.0
683.0
285.0
614.0
361.0
360.0
269.0
287.0
347.0
317.0
230.0
258.0
593.0
862.0
264.0
370.0
353.0
362.0
240.0
264.0
260.0
320.0
273.0
750.0
250.0
284.0
277.0
266.0
477.0
255.0
230.0
381.0
230.0
359.0
367.0
427.0
289.0
590.0
750.0
282.0
452.0
268.0
700.0
354.0
240.0
284.0
365.0
899.0
650.0
262.0
369.0
1090.0
420.0
597.0
400.0
561.0
685.0
280.0
295.0
342.0
1690.0
829.0
265.0
470.0
251.0
267.0
305.0
389.0
263.0
575.0
390.0
270.0
895.0
265.0
325.0
240.0
256.0
680.0
584.0
671.0
295.0
820.0
298.0
480.0
486.0
450.0
263.0
318.0
380.0
270.0
271.0
375.0
490.0
260.0
267.0
309.0
240.0
303.0
259.0
230.0
319.0
408.0
654.0
340.0
850.0
395.0
363.0
300.0
600.0
775.0
570.0
740.0
450.0
609.0
380.0
273.0
535.0
435.0
269.0
400.0
357.0
275.0
270.0
800.0
475.0
390.0
1500.0
365.0
449.0
659.0
245.0
248.0
264.0
345.0
270.0
510.0
323.0
381.0
251.0
445.0
675.0
402.0
265.0
390.0
680.0
236.0
740.0
274.0
455.0
273.0
710.0
570.0
291.0
260.0
691.0
302.0
263.0
269.0
360.0
545.0
605.0
785.0
240.0
262.0
275.0
595.0
300.0
232.0
340.0
230.0
750.0
371.0
1143.0
400.0
575.0
551.0
400.0
286.0
450.0
405.0
352.0
290.0
722.0
265.0
663.0
798.0
270.0
350.0
280.0
225.0
716.0
284.0
378.0
400.0
305.0
285.0
412.0
575.0
481.0
380.0
405.0
250.0
287.0
394.0
672.0
275.0
245.0
337.0
575.0
345.0
245.0
479.0
267.0
290.0
399.0
470.0
320.0
316.0
275.0
280.0
330.0
266.0
450.0
520.0
250.0
249.0
588.0
370.0
810.0
250.0
299.0
999.0
796.0
650.0
325.0
342.0
405.0
524.0
270.0
355.0
265.0
535.0
475.0
677.0
273.0
407.0
571.0
290.0
390.0
353.0
797.0
252.0
349.0
439.0
400.0
370.0
460.0
1625.0
315.0
285.0
275.0
285.0
410.0
648.0
300.0
355.0
3085.0
570.0
280.0
434.0
395.0
300.0
235.0
304.0
469.0
690.0
240.0
805.0
725.0
355.0
533.0
260.0
240.0
432.0
257.0
600.0
575.0
590.0
277.0
765.0
720.0
229.0
284.0
330.0
465.0
245.0
292.0
1185.0
1970.0
497.0
441.0
419.0
258.0
249.0
230.0
265.0
355.0
508.0
1027.0
1650.0
270.0
346.0
311.0
265.0
247.0
259.0
631.0
405.0
734.0
735.0
240.0
399.0
500.0
281.0
373.0
225.0
600.0
328.0
980.0
400.0
250.0
384.0
560.0
570.0
680.0
238.0
414.0
480.0
445.0
251.0
1780.0
310.0
276.0
589.0
421.0
423.0
1112.0
790.0
520.0
1300.0
259.0
254.0
485.0
623.0
240.0
1089.0
273.0
278.0
620.0
370.0
601.0
365.0
600.0
246.0
260.0
284.0
229.0
270.0
365.0
460.0
257.0
385.0
680.0
420.0
535.0
345.0
300.0
385.0
685.0
244.0
293.0
285.0
1520.0
284.0
393.0
347.0
255.0
999.0
455.0
1100.0
392.0
285.0
520.0
500.0
458.0
484.0
350.0
550.0
350.0
344.0
270.0
260.0
269.0
370.0
500.0
384.0
494.0
281.0
630.0
270.0
1395.0
338.0
710.0
380.0
640.0
273.0
300.0
596.0
399.0
1000.0
624.0
594.0
759.0
280.0
240.0
259.0
350.0
299.0
605.0
533.0
641.0
1200.0
741.0
275.0
428.0
356.0
260.0
270.0
986.0
348.0
540.0
781.0
277.0
898.0
430.0
649.0
249.0
369.0
250.0
372.0
515.0
270.0
343.0
276.0
580.0
280.0
770.0
279.0
267.0
370.0
287.0
681.0
386.0
440.0
316.0
430.0
269.0
256.0
795.0
685.0
273.0
269.0
355.0
231.0
1097.0
390.0
336.0
603.0
355.0
414.0
608.0
435.0
336.0
395.0
387.0
660.0
374.0
930.0
365.0
406.0
339.0
390.0
343.0
1141.0
600.0
395.0
570.0
383.0
515.0
440.0
640.0
380.0
963.0
394.0
349.0
235.0
540.0
295.0
968.0
340.0
305.0
900.0
410.0
650.0
575.0
275.0
278.0
788.0
536.0
240.0
379.0
1130.0
1300.0
286.0
850.0
560.0
293.0
383.0
356.0
386.0
600.0
750.0
520.0
274.0
265.0
440.0
350.0
345.0
701.0
250.0
399.0
900.0
234.0
375.0
320.0
283.0
282.0
1048.0
385.0
701.0
361.0
358.0
330.0
272.0
659.0
740.0
380.0
290.0
446.0
1550.0
868.0
520.0
414.0
244.0
603.0
460.0
398.0
354.0
440.0
430.0
727.0
1661.0
604.0
716.0
210.0
485.0
253.0
430.0
560.0
241.0
250.0
400.0
321.0
690.0
369.0
377.0
247.0
856.0
301.0
339.0
354.0
346.0
405.0
315.0
290.0
885.0
802.0
282.0
386.0
382.0
638.0
245.0
262.0
263.0
530.0
800.0
280.0
248.0
380.0
230.0
275.0
720.0
288.0
240.0
340.0
520.0
380.0
272.0
270.0
318.0
229.0
243.0
410.0
630.0
2560.0
259.0
274.0
327.0
288.0
230.0
290.0
289.0
315.0
300.0
661.0
230.0
275.0
222.0
263.0
359.0
565.0
743.0
660.0
1652.0
585.0
265.0
286.0
386.0
750.0
235.0
870.0
750.0
625.0
691.0
537.0
561.0
253.0
341.0
542.0
740.0
289.0
360.0
285.0
381.0
380.0
260.0
750.0
285.0
245.0
301.0
625.0
314.0
515.0
599.0
650.0
240.0
415.0
488.0
274.0
276.0
285.0
736.0
285.0
705.0
368.0
267.0
620.0
590.0
480.0
288.0
815.0
378.0
568.0
225.0
400.0
301.0
317.0
500.0
431.0
235.0
385.0
690.0
442.0
280.0
270.0
559.0
246.0
987.0
665.0
242.0
271.0
640.0
294.0
277.0
294.0
790.0
292.0
239.0
360.0
575.0
1350.0
433.0
255.0
322.0
663.0
320.0
286.0
367.0
572.0
490.0
239.0
250.0
477.0
630.0
268.0
310.0
399.0
790.0
1150.0
460.0
420.0
317.0
280.0
268.0
542.0
534.0
420.0
335.0
369.0
360.0
280.0
369.0
273.0
250.0
240.0
425.0
270.0
765.0
273.0
704.0
587.0
334.0
270.0
340.0
310.0
316.0
975.0
400.0
290.0
298.0
315.0
369.0
246.0
290.0
263.0
264.0
911.0
234.0
388.0
380.0
389.0
400.0
379.0
290.0
445.0
1550.0
263.0
294.0
632.0
630.0
319.0
315.0
464.0
1000.0
667.0
385.0
375.0
720.0
1348.0
254.0
540.0
280.0
290.0
275.0
391.0
715.0
678.0
247.0
400.0
544.0
441.0
430.0
535.0
275.0
896.0
551.0
299.0
350.0
526.0
549.0
261.0
434.0
285.0
249.0
570.0
1000.0
307.0
417.0
621.0
846.0
228.0
275.0
270.0
429.0
292.0
350.0
811.0
251.0
460.0
390.0
533.0
350.0
366.0
525.0
485.0
293.0
300.0
560.0
415.0
350.0
424.0
409.0
765.0
755.0
344.0
300.0
275.0
299.0
798.0
500.0
547.0
275.0
525.0
240.0
233.0
270.0
274.0
448.0
321.0
279.0
288.0
735.0
249.0
755.0
370.0
375.0
411.0
300.0
320.0
241.0
620.0
257.0
275.0
300.0
620.0
395.0
740.0
245.0
259.0
228.0
650.0
315.0
740.0
266.0
360.0
689.0
248.0
300.0
830.0
1688.0
660.0
250.0
575.0
480.0
255.0
430.0
520.0
346.0
310.0
558.0
400.0
460.0
615.0
786.0
506.0
602.0
320.0
268.0
270.0
260.0
888.0
1150.0
257.0
358.0
537.0
380.0
370.0
274.0
710.0
612.0
280.0
500.0
347.0
342.0
571.0
255.0
360.0
920.0
820.0
270.0
820.0
445.0
255.0
628.0
390.0
401.0
388.0
599.0
415.0
550.0
250.0
560.0
275.0
435.0
680.0
358.0
418.0
264.0
344.0
466.0
399.0
268.0
685.0
1600.0
590.0
366.0
685.0
1155.0
374.0
235.0
291.0
246.0
560.0
549.0
830.0
805.0
252.0
248.0
362.0
620.0
369.0
475.0
300.0
290.0
305.0
260.0
300.0
300.0
265.0
227.0
310.0
415.0
328.0
680.0
800.0
258.0
280.0
306.0
355.0
300.0
268.0
319.0
357.0
388.0
280.0
725.0
440.0
265.0
399.0
280.0
300.0
550.0
325.0
418.0
278.0
570.0
668.0
245.0
369.0
741.0
390.0
325.0
359.0
360.0
425.0
425.0
626.0
414.0
265.0
395.0
725.0
745.0
395.0
378.0
225.0
355.0
269.0
319.0
600.0
690.0
370.0
365.0
257.0
275.0
338.0
672.0
264.0
1900.0
765.0
239.0
385.0
501.0
703.0
310.0
275.0
570.0
620.0
560.0
290.0
255.0
606.0
950.0
601.0
560.0
265.0
280.0
653.0
275.0
716.0
285.0
297.0
274.0
552.0
579.0
271.0
243.0
790.0
701.0
900.0
266.0
439.0
366.0
715.0
303.0
418.0
280.0
404.0
545.0
340.0
474.0
388.0
760.0
595.0
770.0
700.0
255.0
410.0
975.0
980.0
261.0
418.0
400.0
279.0
326.0
270.0
699.0
530.0
550.0
370.0
280.0
283.0
258.0
280.0
825.0
296.0
265.0
258.0
265.0
490.0
575.0
265.0
399.0
747.0
431.0
1000.0
380.0
275.0
310.0
240.0
800.0
280.0
352.0
315.0
610.0
480.0
520.0
250.0
300.0
657.0
260.0
240.0
250.0
350.0
380.0
280.0
282.0
640.0
575.0
267.0
270.0
410.0
220.0
380.0
270.0
581.0
255.0
318.0
250.0
549.0
740.0
248.0
360.0
269.0
470.0
286.0
593.0
420.0
290.0
475.0
290.0
340.0
390.0
250.0
294.0
250.0
618.0
267.0
290.0
290.0
375.0
2299.0
750.0
274.0
525.0
248.0
264.0
455.0
235.0
279.0
325.0
382.0
331.0
359.0
425.0
380.0
290.0
340.0
390.0
260.0
400.0
247.0
310.0
975.0
265.0
390.0
242.0
269.0
415.0
290.0
265.0
390.0
337.0
707.0
1000.0
595.0
510.0
609.0
455.0
347.0
379.0
300.0
260.0
655.0
230.0
389.0
379.0
815.0
505.0
275.0
410.0
287.0
336.0
421.0
590.0
490.0
508.0
418.0
260.0
284.0
750.0
252.0
375.0
520.0
760.0
362.0
616.0
273.0
660.0
360.0
275.0
230.0
370.0
1245.0
380.0
905.0
594.0
359.0
420.0
650.0
345.0
400.0
490.0
366.0
370.0
244.0
245.0
565.0
572.0
285.0
439.0
325.0
853.0
340.0
305.0
221.0
830.0
308.0
700.0
695.0
419.0
255.0
403.0
635.0
590.0
249.0
249.0
258.0
430.0
674.0
250.0
365.0
383.0
393.0
239.0
340.0
297.0
240.0
233.0
365.0
841.0
240.0
270.0
700.0
550.0
290.0
740.0
407.0
449.0
247.0
285.0
610.0
266.0
247.0
740.0
268.0
890.0
265.0
692.0
389.0
421.0
301.0
377.0
787.0
282.0
343.0
927.0
365.0
249.0
377.0
273.0
380.0
570.0
260.0
705.0
350.0
238.0
590.0
255.0
249.0
679.0
268.0
258.0
290.0
577.0
737.0
261.0
725.0
270.0
275.0
270.0
474.0
710.0
370.0
265.0
950.0
750.0
1200.0
274.0
1020.0
403.0
759.0
249.0
455.0
430.0
284.0
2096.0
412.0
692.0
300.0
321.0
440.0
345.0
599.0
700.0
288.0
676.0
230.0
430.0
240.0
385.0
248.0
263.0
825.0
390.0
280.0
346.0
426.0
2300.0
374.0
839.0
800.0
294.0
513.0
370.0
265.0
270.0
399.0
272.0
300.0
935.0
239.0
369.0
515.0
580.0
264.0
367.0
230.0
268.0
380.0
290.0
445.0
270.0
390.0
420.0
740.0
248.0
925.0
1275.0
475.0
741.0
247.0
385.0
1050.0
575.0
316.0
245.0
240.0
308.0
275.0
650.0
1925.0
412.0
279.0
940.0
365.0
280.0
239.0
385.0
498.0
253.0
316.0
576.0
268.0
680.0
259.0
295.0
240.0
404.0
275.0
373.0
585.0
320.0
282.0
548.0
398.0
679.0
286.0
254.0
340.0
515.0
585.0
580.0
691.0
274.0
424.0
399.0
300.0
700.0
1700.0
267.0
260.0
363.0
251.0
360.0
245.0
665.0
277.0
392.0
1400.0
410.0
270.0
276.0
275.0
226.0
910.0
360.0
475.0
295.0
329.0
735.0
1310.0
399.0
461.0
800.0
745.0
440.0
221.0
230.0
330.0
265.0
270.0
275.0
362.0
505.0
600.0
265.0
700.0
600.0
383.0
409.0
1050.0
301.0
380.0
280.0
230.0
384.0
227.0
262.0
575.0
291.0
259.0
274.0
403.0
221.0
362.0
290.0
270.0
775.0
230.0
320.0
240.0
296.0
271.0
685.0
280.0
230.0
750.0
585.0
871.0
255.0
681.0
370.0
270.0
292.0
379.0
285.0
290.0
399.0
505.0
263.0
342.0
258.0
260.0
302.0
435.0
805.0
2051.0
260.0
660.0
810.0
265.0
540.0
769.0
356.0
277.0
769.0
455.0
260.0
360.0
540.0
794.0
262.0
631.0
380.0
295.0
400.0
815.0
269.0
274.0
271.0
240.0
280.0
810.0
690.0
370.0
340.0
435.0
250.0
242.0
1120.0
341.0
439.0
424.0
950.0
266.0
295.0
350.0
550.0
750.0
565.0
788.0
365.0
950.0
379.0
305.0
364.0
230.0
416.0
840.0
399.0
1121.0
565.0
334.0
255.0
255.0
279.0
288.0
655.0
268.0
248.0
330.0
318.0
415.0
298.0
266.0
810.0
280.0
274.0
334.0
275.0
511.0
400.0
438.0
425.0
399.0
454.0
486.0
385.0
560.0
490.0
381.0
430.0
263.0
403.0
282.0
310.0
309.0
275.0
390.0
420.0
375.0
280.0
230.0
700.0
490.0
430.0
275.0
239.0
520.0
285.0
310.0
389.0
345.0
236.0
300.0
705.0
1150.0
760.0
269.0
320.0
288.0
290.0
416.0
435.0
378.0
1009.0
312.0
421.0
270.0
879.0
389.0
230.0
590.0
310.0
500.0
399.0
739.0
270.0
399.0
235.0
1200.0
845.0
620.0
795.0
735.0
210.0
265.0
699.0
338.0
250.0
585.0
285.0
210.0
373.0
318.0
274.0
227.0
386.0
560.0
379.0
356.0
256.0
280.0
375.0
364.0
495.0
271.0
245.0
282.0
690.0
520.0
277.0
275.0
310.0
295.0
331.0
285.0
277.0
278.0
500.0
322.0
254.0
374.0
219.0
369.0
235.0
359.0
278.0
555.0
424.0
570.0
380.0
840.0
546.0
358.0
1249.0
375.0
633.0
276.0
386.0
274.0
620.0
620.0
275.0
265.0
291.0
500.0
465.0
775.0
389.0
264.0
439.0
267.0
550.0
600.0
326.0
411.0
315.0
275.0
250.0
365.0
222.0
552.0
445.0
306.0
1186.0
925.0
589.0
359.0
340.0
400.0
494.0
450.0
380.0
245.0
306.0
359.0
385.0
276.0
1215.0
225.0
380.0
695.0
385.0
663.0
465.0
373.0
605.0
375.0
250.0
380.0
344.0
294.0
396.0
725.0
392.0
362.0
290.0
424.0
350.0
245.0
835.0
360.0
650.0
335.0
682.0
1137.0
347.0
283.0
230.0
1135.0
326.0
247.0
283.0
414.0
845.0
402.0
260.0
348.0
380.0
640.0
380.0
278.0
239.0
455.0
265.0
770.0
309.0
385.0
700.0
209.0
400.0
414.0
294.0
650.0
582.0
383.0
370.0
315.0
320.0
240.0
326.0
260.0
280.0
663.0
255.0
570.0
265.0
721.0
360.0
250.0
284.0
668.0
366.0
265.0
543.0
550.0
315.0
591.0
360.0
702.0
409.0
371.0
415.0
258.0
275.0
2250.0
364.0
246.0
280.0
356.0
276.0
443.0
264.0
351.0
475.0
389.0
580.0
271.0
289.0
749.0
698.0
584.0
295.0
279.0
787.0
285.0
587.0
408.0
245.0
380.0
910.0
272.0
255.0
278.0
865.0
293.0
630.0
265.0
278.0
239.0
390.0
308.0
295.0
275.0
270.0
759.0
215.0
782.0
620.0
259.0
380.0
277.0
365.0
266.0
250.0
585.0
335.0
669.0
271.0
287.0
550.0
719.0
252.0
345.0
522.0
260.0
421.0
713.0
560.0
384.0
390.0
400.0
518.0
625.0
635.0
297.0
293.0
245.0
315.0
245.0
532.0
269.0
355.0
335.0
360.0
1255.0
395.0
267.0
260.0
282.0
371.0
280.0
395.0
388.0
230.0
486.0
802.0
370.0
353.0
1050.0
295.0
419.0
295.0
525.0
924.0
240.0
355.0
210.0
275.0
420.0
340.0
793.0
559.0
255.0
620.0
375.0
216.0
243.0
580.0
560.0
312.0
375.0
456.0
361.0
285.0
699.0
275.0
630.0
265.0
520.0
270.0
1000.0
279.0
814.0
285.0
350.0
590.0
320.0
318.0
235.0
389.0
300.0
275.0
305.0
265.0
565.0
820.0
2650.0
2500.0
468.0
340.0
349.0
384.0
430.0
725.0
289.0
739.0
275.0
316.0
375.0
398.0
394.0
289.0
235.0
300.0
670.0
276.0
526.0
245.0
505.0
360.0
365.0
245.0
760.0
285.0
435.0
274.0
391.0
559.0
275.0
338.0
525.0
617.0
273.0
562.0
237.0
679.0
240.0
316.0
693.0
300.0
270.0
289.0
251.0
625.0
360.0
265.0
400.0
274.0
357.0
650.0
545.0
264.0
247.0
442.0
620.0
595.0
279.0
430.0
261.0
308.0
506.0
380.0
267.0
475.0
553.0
270.0
265.0
530.0
886.0
385.0
686.0
374.0
370.0
830.0
608.0
590.0
556.0
254.0
389.0
225.0
288.0
270.0
641.0
720.0
500.0
387.0
429.0
510.0
285.0
390.0
260.0
411.0
580.0
410.0
269.0
283.0
346.0
280.0
333.0
610.0
800.0
746.0
505.0
280.0
355.0
289.0
500.0
280.0
449.0
841.0
1300.0
291.0
540.0
349.0
266.0
444.0
254.0
286.0
255.0
264.0
440.0
402.0
1710.0
550.0
272.0
279.0
250.0
239.0
525.0
242.0
355.0
643.0
290.0
699.0
242.0
655.0
655.0
268.0
280.0
655.0
290.0
231.0
450.0
239.0
358.0
445.0
255.0
794.0
360.0
250.0
680.0
580.0
275.0
425.0
350.0
635.0
249.0
450.0
290.0
368.0
268.0
274.0
490.0
602.0
229.0
765.0
380.0
217.0
306.0
419.0
282.0
624.0
385.0
375.0
370.0
336.0
834.0
885.0
750.0
1150.0
295.0
286.0
771.0
414.0
304.0
292.0
407.0
1700.0
487.0
200.0
656.0
260.0
350.0
657.0
525.0
285.0
348.0
260.0
450.0
400.0
400.0
439.0
350.0
1050.0
251.0
291.0
281.0
780.0
365.0
383.0
261.0
275.0
252.0
288.0
382.0
300.0
695.0
260.0
715.0
278.0
420.0
275.0
291.0
701.0
223.0
663.0
222.0
285.0
750.0
429.0
888.0
294.0
240.0
300.0
255.0
255.0
279.0
265.0
322.0
410.0
608.0
318.0
525.0
400.0
625.0
353.0
321.0
485.0
530.0
369.0
545.0
374.0
566.0
240.0
265.0
487.0
349.0
281.0
375.0
555.0
316.0
310.0
231.0
818.0
520.0
800.0
295.0
570.0
785.0
830.0
290.0
520.0
375.0
486.0
215.0
490.0
825.0
784.0
365.0
965.0
328.0
400.0
365.0
309.0
244.0
281.0
390.0
485.0
950.0
390.0
279.0
320.0
370.0
251.0
413.0
547.0
1510.0
340.0
433.0
710.0
430.0
826.0
272.0
240.0
500.0
254.0
379.0
291.0
600.0
315.0
259.0
265.0
410.0
225.0
2650.0
699.0
330.0
262.0
298.0
1400.0
266.0
490.0
355.0
245.0
325.0
264.0
265.0
268.0
260.0
505.0
450.0
265.0
445.0
720.0
500.0
650.0
264.0
280.0
377.0
885.0
350.0
250.0
751.0
250.0
250.0
799.0
590.0
278.0
269.0
266.0
280.0
366.0
383.0
325.0
445.0
630.0
250.0
240.0
539.0
460.0
885.0
279.0
701.0
401.0
2280.0
320.0
424.0
595.0
490.0
263.0
310.0
259.0
468.0
282.0
549.0
520.0
354.0
1068.0
400.0
489.0
1100.0
1000.0
287.0
283.0
630.0
316.0
489.0
430.0
925.0
355.0
300.0
350.0
455.0
385.0
250.0
410.0
1025.0
369.0
280.0
226.0
349.0
239.0
384.0
455.0
975.0
410.0
286.0
258.0
265.0
402.0
264.0
390.0
377.0
451.0
272.0
674.0
261.0
755.0
270.0
896.0
671.0
370.0
351.0
470.0
330.0
637.0
385.0
365.0
249.0
275.0
799.0
346.0
249.0
339.0
390.0
279.0
341.0
235.0
398.0
405.0
265.0
300.0
258.0
238.0
758.0
1200.0
320.0
285.0
285.0
420.0
449.0
766.0
300.0
265.0
375.0
245.0
400.0
390.0
549.0
802.0
675.0
825.0
546.0
435.0
400.0
585.0
570.0
275.0
610.0
238.0
270.0
600.0
255.0
267.0
679.0
250.0
368.0
885.0
375.0
910.0
279.0
285.0
450.0
1125.0
394.0
440.0
782.0
224.0
455.0
525.0
258.0
395.0
876.0
251.0
240.0
235.0
370.0
702.0
306.0
239.0
915.0
351.0
270.0
355.0
260.0
765.0
383.0
690.0
293.0
610.0
976.0
260.0
504.0
405.0
380.0
306.0
1200.0
494.0
268.0
616.0
275.0
265.0
447.0
273.0
269.0
649.0
251.0
630.0
380.0
288.0
1009.0
385.0
275.0
700.0
250.0
267.0
421.0
660.0
262.0
363.0
385.0
375.0
604.0
266.0
274.0
305.0
645.0
306.0
378.0
365.0
380.0
288.0
295.0
535.0
269.0
239.0
370.0
623.0
891.0
260.0
211.0
1100.0
385.0
240.0
230.0
765.0
551.0
428.0
272.0
444.0
533.0
348.0
246.0
268.0
552.0
400.0
417.0
260.0
243.0
240.0
560.0
353.0
298.0
260.0
250.0
268.0
450.0
1599.0
341.0
634.0
1700.0
300.0
385.0
320.0
292.0
350.0
728.0
251.0
260.0
356.0
994.0
295.0
385.0
258.0
289.0
281.0
240.0
366.0
260.0
300.0
552.0
750.0
540.0
259.0
570.0
667.0
381.0
385.0
738.0
365.0
228.0
775.0
800.0
387.0
480.0
265.0
249.0
310.0
575.0
949.0
430.0
266.0
375.0
250.0
705.0
260.0
425.0
421.0
499.0
285.0
299.0
384.0
423.0
270.0
255.0
259.0
295.0
295.0
735.0
283.0
505.0
467.0
659.0
240.0
359.0
960.0
517.0
1020.0
400.0
365.0
832.0
410.0
382.0
302.0
249.0
600.0
300.0
295.0
279.0
912.0
238.0
235.0
380.0
285.0
385.0
705.0
433.0
337.0
275.0
282.0
307.0
400.0
460.0
475.0
293.0
315.0
314.0
400.0
282.0
740.0
291.0
262.0
700.0
274.0
276.0
735.0
410.0
222.0
420.0
573.0
365.0
279.0
219.0
227.0
248.0
245.0
307.0
379.0
705.0
805.0
273.0
230.0
276.0
357.0
400.0
239.0
592.0
626.0
352.0
399.0
624.0
376.0
260.0
264.0
373.0
504.0
690.0
392.0
882.0
507.0
390.0
370.0
832.0
268.0
425.0
720.0
580.0
285.0
376.0
280.0
220.0
790.0
329.0
1858.0
1780.0
709.0
375.0
900.0
340.0
267.0
472.0
975.0
375.0
482.0
700.0
265.0
320.0
385.0
415.0
230.0
364.0
915.0
385.0
274.0
435.0
355.0
528.0
345.0
246.0
420.0
416.0
392.0
250.0
289.0
255.0
360.0
569.0
258.0
269.0
370.0
489.0
292.0
570.0
605.0
297.0
275.0
354.0
1500.0
362.0
360.0
257.0
360.0
415.0
375.0
362.0
369.0
600.0
417.0
688.0
226.0
347.0
392.0
350.0
248.0
270.0
500.0
340.0
415.0
575.0
339.0
810.0
274.0
443.0
230.0
387.0
730.0
469.0
912.0
400.0
270.0
450.0
295.0
544.0
387.0
387.0
264.0
281.0
220.0
288.0
257.0
241.0
271.0
480.0
289.0
442.0
460.0
265.0
625.0
250.0
244.0
750.0
340.0
385.0
270.0
285.0
494.0
230.0
351.0
800.0
291.0
271.0
258.0
357.0
550.0
260.0
290.0
386.0
350.0
370.0
260.0
316.0
370.0
422.0
310.0
1505.0
459.0
639.0
646.0
265.0
702.0
656.0
428.0
244.0
370.0
515.0
520.0
565.0
406.0
407.0
250.0
292.0
287.0
290.0
235.0
439.0
260.0
900.0
830.0
240.0
295.0
355.0
200.0
250.0
384.0
285.0
412.0
272.0
232.0
402.0
275.0
230.0
260.0
465.0
379.0
430.0
260.0
850.0
345.0
305.0
260.0
252.0
250.0
610.0
210.0
320.0
386.0
277.0
571.0
425.0
710.0
248.0
279.0
315.0
688.0
382.0
308.0
375.0
395.0
380.0
230.0
730.0
262.0
318.0
387.0
328.0
360.0
295.0
400.0
389.0
850.0
392.0
339.0
280.0
269.0
275.0
273.0
620.0
287.0
400.0
770.0
389.0
234.0
421.0
230.0
308.0
286.0
440.0
385.0
267.0
295.0
525.0
389.0
365.0
314.0
720.0
269.0
279.0
488.0
440.0
409.0
221.0
346.0
562.0
262.0
310.0
265.0
805.0
287.0
398.0
694.0
601.0
250.0
250.0
268.0
488.0
269.0
558.0
275.0
235.0
343.0
390.0
399.0
670.0
1000.0
888.0
230.0
330.0
272.0
849.0
395.0
330.0
370.0
225.0
449.0
300.0
365.0
740.0
1300.0
390.0
275.0
302.0
507.0
549.0
395.0
560.0
690.0
290.0
280.0
949.0
285.0
269.0
569.0
469.0
375.0
265.0
265.0
294.0
394.0
436.0
875.0
335.0
778.0
245.0
380.0
281.0
269.0
419.0
257.0
493.0
409.0
400.0
260.0
275.0
765.0
350.0
290.0
550.0
519.0
252.0
270.0
660.0
340.0
1050.0
262.0
227.0
370.0
500.0
476.0
279.0
2250.0
386.0
333.0
349.0
916.0
290.0
335.0
260.0
265.0
892.0
351.0
1100.0
405.0
226.0
235.0
341.0
416.0
265.0
329.0
352.0
268.0
375.0
790.0
280.0
310.0
489.0
606.0
410.0
260.0
280.0
275.0
725.0
240.0
806.0
531.0
271.0
560.0
273.0
265.0
400.0
570.0
264.0
910.0
264.0
278.0
289.0
255.0
600.0
245.0
435.0
485.0
601.0
240.0
585.0
359.0
210.0
1570.0
480.0
690.0
388.0
380.0
479.0
670.0
280.0
276.0
371.0
300.0
336.0
595.0
605.0
340.0
270.0
277.0
281.0
497.0
369.0
370.0
340.0
397.0
450.0
284.0
592.0
599.0
436.0
265.0
262.0
289.0
698.0
435.0
277.0
250.0
245.0
268.0
239.0
266.0
265.0
291.0
895.0
360.0
470.0
654.0
380.0
239.0
317.0
420.0
274.0
640.0
385.0
220.0
561.0
783.0
390.0
365.0
268.0
432.0
711.0
650.0
675.0
625.0
596.0
399.0
720.0
255.0
215.0
250.0
249.0
240.0
1115.0
260.0
430.0
302.0
263.0
350.0
340.0
530.0
330.0
430.0
540.0
560.0
270.0
1200.0
300.0
331.0
1250.0
294.0
282.0
499.0
358.0
379.0
380.0
478.0
503.0
424.0
376.0
220.0
341.0
945.0
250.0
257.0
620.0
360.0
560.0
255.0
277.0
275.0
409.0
360.0
570.0
439.0
413.0
422.0
258.0
371.0
388.0
715.0
339.0
370.0
1749.0
841.0
263.0
531.0
925.0
399.0
2000.0
371.0
615.0
240.0
235.0
275.0
273.0
835.0
411.0
324.0
425.0
785.0
245.0
255.0
585.0
955.0
212.0
265.0
375.0
375.0
435.0
390.0
285.0
285.0
531.0
279.0
272.0
380.0
249.0
635.0
800.0
269.0
298.0
530.0
281.0
485.0
276.0
286.0
400.0
294.0
275.0
235.0
500.0
405.0
920.0
576.0
337.0
350.0
292.0
229.0
610.0
426.0
1455.0
426.0
264.0
260.0
575.0
790.0
235.0
1320.0
327.0
424.0
420.0
300.0
375.0
265.0
248.0
267.0
249.0
390.0
615.0
550.0
247.0
284.0
300.0
585.0
258.0
460.0
635.0
270.0
378.0
385.0
420.0
239.0
258.0
557.0
1500.0
274.0
262.0
710.0
1105.0
1700.0
425.0
390.0
255.0
295.0
379.0
276.0
255.0
825.0
1256.0
445.0
557.0
700.0
353.0
560.0
475.0
359.0
267.0
363.0
631.0
625.0
240.0
253.0
640.0
247.0
269.0
285.0
275.0
256.0
735.0
578.0
283.0
870.0
275.0
510.0
477.0
645.0
270.0
289.0
1000.0
367.0
270.0
423.0
714.0
650.0
792.0
249.0
440.0
300.0
300.0
272.0
235.0
305.0
950.0
380.0
229.0
279.0
240.0
269.0
330.0
223.0
249.0
287.0
360.0
360.0
377.0
551.0
285.0
439.0
230.0
650.0
315.0
382.0
263.0
635.0
380.0
330.0
248.0
260.0
424.0
544.0
532.0
251.0
359.0
220.0
230.0
615.0
415.0
288.0
296.0
355.0
650.0
265.0
335.0
662.0
265.0
750.0
374.0
295.0
262.0
1034.0
274.0
255.0
262.0
201.0
346.0
735.0
567.0
424.0
638.0
588.0
271.0
589.0
270.0
735.0
1000.0
800.0
267.0
341.0
451.0
245.0
374.0
450.0
363.0
359.0
360.0
430.0
1200.0
233.0
331.0
295.0
250.0
255.0
400.0
270.0
370.0
749.0
374.0
265.0
293.0
286.0
1155.0
365.0
368.0
545.0
226.0
411.0
320.0
268.0
389.0
427.0
419.0
272.0
322.0
295.0
820.0
370.0
415.0
900.0
335.0
258.0
400.0
395.0
360.0
430.0
410.0
454.0
275.0
999.0
325.0
263.0
279.0
490.0
240.0
325.0
275.0
526.0
699.0
280.0
235.0
565.0
415.0
444.0
245.0
282.0
515.0
485.0
346.0
574.0
292.0
365.0
299.0
511.0
400.0
405.0
1100.0
365.0
480.0
277.0
465.0
383.0
650.0
230.0
278.0
381.0
840.0
260.0
845.0
640.0
346.0
406.0
860.0
283.0
240.0
450.0
230.0
507.0
1850.0
199.0
499.0
270.0
343.0
750.0
385.0
226.0
272.0
395.0
490.0
390.0
396.0
850.0
850.0
355.0
398.0
240.0
273.0
405.0
440.0
273.0
330.0
228.0
500.0
660.0
680.0
398.0
655.0
386.0
570.0
270.0
240.0
455.0
600.0
255.0
523.0
435.0
586.0
427.0
260.0
490.0
375.0
570.0
290.0
280.0
264.0
305.0
260.0
357.0
532.0
253.0
455.0
273.0
290.0
281.0
500.0
230.0
370.0
355.0
425.0
244.0
240.0
375.0
735.0
380.0
580.0
270.0
265.0
272.0
345.0
490.0
249.0
350.0
565.0
564.0
450.0
537.0
286.0
274.0
383.0
610.0
275.0
345.0
285.0
531.0
450.0
249.0
255.0
286.0
247.0
268.0
572.0
506.0
272.0
300.0
384.0
270.0
567.0
758.0
317.0
676.0
875.0
366.0
249.0
366.0
230.0
538.0
356.0
235.0
1152.0
725.0
400.0
270.0
550.0
685.0
257.0
222.0
245.0
629.0
685.0
356.0
234.0
350.0
739.0
315.0
627.0
285.0
750.0
227.0
340.0
390.0
395.0
260.0
594.0
296.0
380.0
247.0
320.0
395.0
806.0
895.0
621.0
591.0
315.0
399.0
595.0
799.0
226.0
460.0
479.0
706.0
445.0
240.0
595.0
631.0
690.0
411.0
451.0
272.0
689.0
1100.0
285.0
369.0
944.0
230.0
271.0
250.0
600.0
247.0
660.0
699.0
290.0
299.0
324.0
444.0
259.0
260.0
256.0
449.0
247.0
712.0
540.0
475.0
888.0
347.0
410.0
666.0
278.0
430.0
299.0
222.0
570.0
360.0
230.0
418.0
260.0
920.0
280.0
342.0
392.0
310.0
220.0
524.0
273.0
425.0
700.0
255.0
500.0
820.0
643.0
435.0
1199.0
585.0
519.0
586.0
345.0
247.0
589.0
320.0
506.0
547.0
330.0
361.0
408.0
422.0
400.0
262.0
268.0
607.0
820.0
890.0
230.0
305.0
400.0
300.0
270.0
262.0
260.0
290.0
367.0
545.0
755.0
540.0
360.0
222.0
259.0
507.0
240.0
365.0
1300.0
981.0
229.0
820.0
268.0
277.0
800.0
369.0
419.0
412.0
268.0
227.0
225.0
387.0
245.0
615.0
536.0
599.0
303.0
669.0
605.0
680.0
281.0
600.0
590.0
860.0
355.0
508.0
820.0
960.0
298.0
211.0
370.0
349.0
221.0
265.0
1480.0
540.0
465.0
276.0
890.0
377.0
766.0
250.0
1097.0
326.0
860.0
549.0
553.0
440.0
370.0
260.0
225.0
269.0
385.0
240.0
333.0
438.0
270.0
1236.0
680.0
440.0
375.0
285.0
406.0
290.0
736.0
280.0
590.0
312.0
260.0
638.0
381.0
250.0
290.0
549.0
370.0
405.0
400.0
430.0
389.0
399.0
223.0
264.0
429.0
805.0
330.0
345.0
395.0
699.0
390.0
310.0
273.0
801.0
365.0
249.0
320.0
285.0
230.0
500.0
401.0
423.0
266.0
400.0
700.0
243.0
820.0
247.0
289.0
1028.0
450.0
360.0
247.0
375.0
781.0
297.0
300.0
344.0
875.0
345.0
300.0
259.0
494.0
569.0
460.0
240.0
279.0
260.0
374.0
329.0
245.0
400.0
374.0
302.0
235.0
635.0
279.0
275.0
570.0
670.0
265.0
535.0
267.0
247.0
270.0
525.0
330.0
250.0
205.0
274.0
759.0
268.0
280.0
260.0
574.0
1100.0
255.0
575.0
575.0
317.0
235.0
329.0
390.0
545.0
303.0
248.0
1100.0
488.0
240.0
736.0
309.0
686.0
255.0
299.0
874.0
415.0
635.0
530.0
254.0
355.0
525.0
354.0
284.0
495.0
401.0
599.0
860.0
495.0
235.0
313.0
1425.0
250.0
889.0
952.0
300.0
288.0
579.0
624.0
277.0
415.0
425.0
455.0
267.0
275.0
263.0
249.0
245.0
1650.0
276.0
360.0
350.0
409.0
568.0
316.0
402.0
797.0
231.0
270.0
569.0
795.0
360.0
525.0
485.0
490.0
252.0
699.0
260.0
259.0
400.0
394.0
590.0
330.0
424.0
247.0
930.0
325.0
750.0
832.0
363.0
371.0
702.0
620.0
362.0
280.0
895.0
686.0
242.0
270.0
380.0
216.0
258.0
234.0
582.0
1000.0
282.0
581.0
419.0
350.0
450.0
827.0
390.0
588.0
420.0
550.0
320.0
580.0
977.0
461.0
428.0
1100.0
520.0
839.0
375.0
325.0
350.0
580.0
670.0
302.0
268.0
380.0
479.0
425.0
553.0
829.0
285.0
545.0
261.0
249.0
356.0
360.0
569.0
401.0
260.0
240.0
233.0
600.0
282.0
677.0
750.0
608.0
269.0
238.0
689.0
426.0
230.0
365.0
289.0
694.0
550.0
241.0
274.0
424.0
392.0
745.0
619.0
650.0
560.0
545.0
210.0
495.0
505.0
262.0
380.0
650.0
522.0
302.0
265.0
380.0
265.0
385.0
282.0
259.0
680.0
630.0
600.0
409.0
363.0
459.0
300.0
386.0
349.0
400.0
263.0
271.0
383.0
278.0
360.0
356.0
454.0
276.0
590.0
314.0
401.0
995.0
409.0
329.0
537.0
240.0
342.0
820.0
225.0
636.0
301.0
352.0
294.0
483.0
310.0
1599.0
250.0
342.0
444.0
275.0
408.0
500.0
261.0
285.0
300.0
374.0
390.0
570.0
238.0
270.0
472.0
710.0
285.0
799.0
399.0
290.0
440.0
237.0
618.0
740.0
708.0
800.0
250.0
769.0
339.0
447.0
362.0
665.0
235.0
234.0
260.0
256.0
285.0
775.0
280.0
946.0
300.0
260.0
270.0
490.0
450.0
2080.0
495.0
337.0
370.0
481.0
375.0
288.0
817.0
615.0
362.0
268.0
295.0
482.0
370.0
680.0
264.0
1350.0
488.0
268.0
715.0
570.0
377.0
393.0
1100.0
289.0
262.0
283.0
805.0
310.0
583.0
335.0
480.0
398.0
1090.0
1400.0
499.0
272.0
615.0
297.0
293.0
284.0
515.0
390.0
631.0
301.0
500.0
352.0
2523.0
359.0
665.0
337.0
238.0
241.0
315.0
280.0
800.0
310.0
369.0
299.0
440.0
380.0
1160.0
601.0
260.0
365.0
259.0
465.0
270.0
670.0
1012.0
280.0
429.0
300.0
350.0
370.0
390.0
330.0
260.0
298.0
209.0
445.0
250.0
258.0
339.0
375.0
220.0
820.0
700.0
230.0
521.0
1176.0
784.0
360.0
394.0
455.0
535.0
325.0
230.0
540.0
296.0
950.0
800.0
620.0
378.0
302.0
394.0
240.0
330.0
330.0
345.0
286.0
900.0
330.0
238.0
485.0
459.0
749.0
285.0
365.0
255.0
680.0
227.0
370.0
378.0
500.0
288.0
225.0
259.0
280.0
201.0
290.0
500.0
303.0
290.0
510.0
375.0
340.0
418.0
712.0
475.0
594.0
620.0
445.0
385.0
625.0
281.0
600.0
265.0
349.0
598.0
485.0
378.0
367.0
749.0
711.0
385.0
230.0
299.0
560.0
240.0
282.0
354.0
436.0
294.0
255.0
345.0
240.0
360.0
563.0
370.0
965.0
250.0
496.0
320.0
268.0
255.0
263.0
317.0
590.0
260.0
405.0
259.0
360.0
265.0
280.0
427.0
300.0
400.0
360.0
435.0
681.0
389.0
300.0
306.0
261.0
265.0
385.0
410.0
737.0
531.0
330.0
398.0
425.0
366.0
517.0
1005.0
550.0
525.0
227.0
300.0
364.0
380.0
464.0
266.0
439.0
528.0
770.0
279.0
450.0
301.0
346.0
840.0
265.0
770.0
265.0
551.0
278.0
243.0
439.0
330.0
505.0
395.0
650.0
312.0
291.0
261.0
453.0
260.0
760.0
768.0
282.0
241.0
415.0
520.0
395.0
380.0
504.0
269.0
356.0
220.0
590.0
235.0
575.0
500.0
540.0
274.0
263.0
305.0
500.0
251.0
280.0
500.0
285.0
600.0
265.0
920.0
258.0
279.0
408.0
425.0
455.0
377.0
370.0
840.0
579.0
570.0
475.0
440.0
450.0
599.0
304.0
365.0
396.0
418.0
398.0
289.0
207.0
245.0
395.0
450.0
383.0
419.0
281.0
280.0
300.0
540.0
300.0
484.0
345.0
255.0
385.0
274.0
275.0
789.0
941.0
555.0
390.0
1194.0
535.0
280.0
265.0
280.0
440.0
500.0
269.0
360.0
600.0
791.0
279.0
403.0
300.0
277.0
267.0
300.0
484.0
338.0
400.0
310.0
578.0
262.0
270.0
2310.0
369.0
295.0
399.0
345.0
381.0
660.0
548.0
400.0
452.0
375.0
459.0
586.0
373.0
635.0
297.0
400.0
239.0
330.0
436.0
500.0
241.0
285.0
253.0
300.0
375.0
737.0
389.0
550.0
260.0
237.0
270.0
270.0
220.0
545.0
675.0
525.0
329.0
341.0
825.0
445.0
600.0
315.0
272.0
264.0
399.0
239.0
299.0
520.0
820.0
417.0
908.0
499.0
289.0
441.0
378.0
382.0
510.0
575.0
357.0
448.0
271.0
315.0
686.0
300.0
430.0
438.0
420.0
430.0
269.0
720.0
280.0
330.0
740.0
360.0
339.0
300.0
417.0
450.0
549.0
287.0
284.0
290.0
273.0
278.0
234.0
228.0
635.0
425.0
230.0
297.0
765.0
226.0
280.0
388.0
278.0
262.0
225.0
280.0
350.0
474.0
572.0
339.0
370.0
437.0
703.0
704.0
400.0
351.0
265.0
919.0
389.0
230.0
340.0
380.0
245.0
280.0
432.0
379.0
270.0
250.0
916.0
371.0
450.0
235.0
352.0
270.0
612.0
251.0
418.0
529.0
358.0
885.0
315.0
1277.0
250.0
280.0
585.0
238.0
580.0
268.0
280.0
270.0
235.0
840.0
625.0
375.0
240.0
531.0
384.0
629.0
650.0
263.0
386.0
360.0
267.0
300.0
750.0
750.0
300.0
230.0
340.0
1055.0
314.0
521.0
600.0
256.0
258.0
267.0
387.0
230.0
419.0
250.0
293.0
277.0
239.0
389.0
737.0
426.0
285.0
315.0
272.0
460.0
630.0
275.0
268.0
800.0
265.0
1000.0
287.0
578.0
340.0
945.0
378.0
635.0
623.0
545.0
397.0
268.0
420.0
309.0
975.0
450.0
800.0
410.0
440.0
955.0
260.0
515.0
380.0
270.0
470.0
365.0
422.0
543.0
880.0
1415.0
398.0
424.0
410.0
355.0
441.0
243.0
350.0
279.0
391.0
445.0
699.0
377.0
287.0
400.0
269.0
380.0
690.0
270.0
291.0
770.0
365.0
245.0
739.0
250.0
500.0
500.0
362.0
338.0
640.0
270.0
254.0
439.0
591.0
562.0
264.0
1000.0
569.0
460.0
272.0
330.0
275.0
545.0
265.0
276.0
270.0
399.0
230.0
625.0
285.0
274.0
712.0
625.0
283.0
405.0
600.0
570.0
769.0
248.0
395.0
1085.0
827.0
700.0
249.0
836.0
389.0
269.0
475.0
718.0
271.0
1200.0
308.0
271.0
266.0
265.0
435.0
280.0
262.0
415.0
264.0
598.0
380.0
340.0
1300.0
389.0
374.0
262.0
312.0
359.0
278.0
262.0
975.0
349.0
780.0
226.0
272.0
282.0
380.0
326.0
265.0
244.0
252.0
255.0
500.0
410.0
339.0
300.0
298.0
330.0
365.0
279.0
365.0
220.0
240.0
1145.0
396.0
229.0
247.0
285.0
590.0
379.0
375.0
285.0
257.0
260.0
234.0
247.0
575.0
1180.0
379.0
515.0
350.0
285.0
254.0
505.0
449.0
484.0
310.0
264.0
290.0
450.0
625.0
235.0
595.0
252.0
386.0
445.0
293.0
615.0
260.0
267.0
705.0
992.0
689.0
360.0
320.0
295.0
275.0
475.0
274.0
249.0
242.0
421.0
274.0
380.0
350.0
268.0
466.0
685.0
285.0
560.0
255.0
255.0
768.0
291.0
780.0
270.0
225.0
284.0
252.0
579.0
325.0
612.0
220.0
385.0
364.0
328.0
265.0
340.0
395.0
371.0
720.0
316.0
375.0
274.0
256.0
309.0
369.0
342.0
290.0
879.0
271.0
380.0
305.0
341.0
274.0
625.0
226.0
340.0
393.0
290.0
323.0
459.0
251.0
512.0
275.0
425.0
535.0
440.0
444.0
750.0
240.0
705.0
520.0
495.0
675.0
265.0
236.0
900.0
250.0
1630.0
394.0
220.0
240.0
350.0
1195.0
391.0
392.0
275.0
560.0
385.0
288.0
256.0
960.0
299.0
210.0
565.0
292.0
650.0
640.0
269.0
720.0
250.0
477.0
895.0
1100.0
770.0
328.0
372.0
410.0
399.0
540.0
245.0
744.0
545.0
275.0
305.0
267.0
455.0
419.0
270.0
490.0
440.0
316.0
400.0
222.0
969.0
272.0
380.0
235.0
354.0
650.0
283.0
440.0
270.0
410.0
247.0
390.0
273.0
565.0
340.0
266.0
239.0
236.0
215.0
310.0
354.0
400.0
292.0
1020.0
965.0
660.0
305.0
1400.0
300.0
370.0
785.0
477.0
397.0
835.0
725.0
460.0
240.0
380.0
640.0
900.0
266.0
385.0
700.0
257.0
410.0
500.0
612.0
259.0
343.0
255.0
755.0
575.0
287.0
875.0
295.0
267.0
272.0
685.0
341.0
340.0
265.0
305.0
651.0
340.0
295.0
230.0
798.0
625.0
331.0
253.0
961.0
324.0
500.0
275.0
910.0
245.0
1250.0
357.0
650.0
780.0
470.0
360.0
459.0
250.0
650.0
286.0
1631.0
269.0
965.0
300.0
376.0
225.0
298.0
261.0
280.0
330.0
550.0
300.0
257.0
350.0
269.0
1150.0
446.0
380.0
888.0
220.0
398.0
276.0
613.0
375.0
765.0
399.0
725.0
470.0
760.0
275.0
253.0
795.0
372.0
265.0
840.0
537.0
287.0
550.0
712.0
350.0
275.0
2331.0
567.0
314.0
269.0
210.0
280.0
266.0
500.0
422.0
451.0
409.0
279.0
821.0
660.0
208.0
369.0
284.0
256.0
499.0
370.0
1018.0
295.0
371.0
1021.0
485.0
385.0
400.0
283.0
250.0
371.0
263.0
275.0
339.0
245.0
263.0
287.0
605.0
440.0
270.0
560.0
360.0
278.0
252.0
256.0
292.0
910.0
390.0
685.0
378.0
389.0
275.0
383.0
231.0
675.0
240.0
700.0
715.0
366.0
295.0
269.0
245.0
340.0
637.0
261.0
445.0
298.0
544.0
373.0
700.0
496.0
245.0
230.0
379.0
298.0
1000.0
354.0
545.0
287.0
373.0
518.0
315.0
362.0
253.0
314.0
310.0
380.0
390.0
440.0
565.0
1650.0
490.0
298.0
375.0
275.0
255.0
639.0
365.0
367.0
372.0
485.0
267.0
418.0
730.0
292.0
390.0
365.0
366.0
645.0
465.0
375.0
615.0
534.0
355.0
257.0
690.0
799.0
900.0
231.0
522.0
684.0
260.0
264.0
450.0
395.0
285.0
700.0
600.0
450.0
368.0
981.0
526.0
431.0
370.0
350.0
380.0
442.0
366.0
400.0
768.0
557.0
600.0
279.0
538.0
286.0
521.0
750.0
274.0
290.0
940.0
235.0
257.0
692.0
639.0
1300.0
500.0
248.0
550.0
440.0
475.0
245.0
540.0
230.0
406.0
285.0
245.0
535.0
240.0
423.0
542.0
294.0
279.0
450.0
248.0
310.0
370.0
375.0
253.0
347.0
272.0
318.0
390.0
419.0
261.0
745.0
685.0
307.0
215.0
588.0
259.0
283.0
288.0
278.0
285.0
254.0
411.0
595.0
257.0
620.0
675.0
361.0
470.0
285.0
462.0
259.0
287.0
265.0
389.0
357.0
2237.0
268.0
502.0
289.0
515.0
315.0
382.0
240.0
421.0
245.0
267.0
667.0
736.0
279.0
341.0
800.0
348.0
799.0
264.0
260.0
297.0
590.0
245.0
388.0
263.0
409.0
398.0
375.0
823.0
687.0
960.0
280.0
485.0
363.0
715.0
340.0
263.0
345.0
379.0
448.0
362.0
310.0
240.0
250.0
675.0
423.0
345.0
900.0
235.0
253.0
248.0
299.0
1100.0
229.0
368.0
449.0
625.0
562.0
331.0
338.0
315.0
536.0
415.0
470.0
268.0
600.0
790.0
235.0
675.0
785.0
395.0
272.0
250.0
283.0
400.0
399.0
292.0
235.0
610.0
240.0
500.0
240.0
430.0
282.0
425.0
1040.0
264.0
330.0
321.0
270.0
365.0
675.0
565.0
266.0
290.0
260.0
264.0
234.0
380.0
306.0
274.0
405.0
450.0
263.0
288.0
266.0
250.0
585.0
637.0
413.0
359.0
500.0
320.0
273.0
271.0
735.0
250.0
388.0
270.0
1000.0
409.0
360.0
467.0
271.0
270.0
274.0
738.0
890.0
568.0
820.0
229.0
550.0
571.0
272.0
358.0
239.0
287.0
452.0
526.0
376.0
665.0
268.0
398.0
454.0
400.0
540.0
272.0
344.0
267.0
440.0
248.0
650.0
405.0
386.0
305.0
300.0
255.0
768.0
640.0
348.0
1300.0
370.0
475.0
274.0
722.0
440.0
289.0
242.0
260.0
452.0
211.0
269.0
826.0
268.0
825.0
340.0
287.0
385.0
370.0
318.0
386.0
440.0
874.0
361.0
245.0
560.0
430.0
805.0
274.0
252.0
257.0
678.0
380.0
682.0
280.0
253.0
478.0
560.0
728.0
576.0
385.0
484.0
247.0
725.0
470.0
380.0
688.0
280.0
440.0
350.0
655.0
318.0
620.0
1350.0
420.0
274.0
255.0
269.0
386.0
265.0
401.0
270.0
265.0
320.0
347.0
363.0
315.0
277.0
364.0
234.0
327.0
272.0
440.0
415.0
585.0
388.0
364.0
361.0
423.0
359.0
1800.0
362.0
370.0
256.0
370.0
297.0
380.0
880.0
286.0
425.0
283.0
593.0
245.0
271.0
365.0
740.0
535.0
772.0
330.0
255.0
390.0
245.0
635.0
397.0
505.0
221.0
240.0
1080.0
320.0
379.0
225.0
310.0
766.0
268.0
379.0
615.0
431.0
406.0
480.0
251.0
310.0
230.0
293.0
315.0
378.0
800.0
226.0
2100.0
251.0
536.0
370.0
1049.0
361.0
301.0
265.0
628.0
390.0
357.0
515.0
613.0
1625.0
700.0
552.0
729.0
500.0
570.0
292.0
315.0
355.0
391.0
250.0
675.0
350.0
285.0
245.0
435.0
425.0
475.0
219.0
245.0
558.0
771.0
436.0
229.0
270.0
310.0
720.0
230.0
268.0
548.0
260.0
395.0
370.0
245.0
345.0
299.0
690.0
370.0
365.0
297.0
260.0
295.0
400.0
260.0
700.0
602.0
1250.0
649.0
268.0
575.0
497.0
305.0
306.0
225.0
282.0
356.0
390.0
341.0
306.0
820.0
362.0
1660.0
262.0
548.0
390.0
265.0
306.0
566.0
445.0
264.0
715.0
899.0
250.0
286.0
734.0
290.0
1250.0
360.0
272.0
370.0
266.0
255.0
380.0
340.0
740.0
280.0
266.0
585.0
275.0
480.0
231.0
260.0
460.0
445.0
560.0
860.0
560.0
296.0
377.0
454.0
480.0
450.0
264.0
555.0
213.0
415.0
400.0
295.0
423.0
795.0
250.0
245.0
236.0
364.0
330.0
624.0
335.0
604.0
280.0
610.0
296.0
887.0
748.0
265.0
304.0
317.0
394.0
325.0
369.0
379.0
679.0
294.0
300.0
240.0
1900.0
250.0
274.0
250.0
390.0
719.0
329.0
430.0
260.0
235.0
1292.0
286.0
303.0
327.0
269.0
340.0
279.0
260.0
265.0
1199.0
299.0
252.0
258.0
422.0
675.0
401.0
245.0
474.0
420.0
270.0
592.0
264.0
395.0
241.0
275.0
229.0
400.0
372.0
273.0
775.0
299.0
318.0
294.0
235.0
240.0
390.0
250.0
802.0
267.0
247.0
620.0
300.0
470.0
367.0
760.0
290.0
277.0
1000.0
290.0
926.0
251.0
268.0
252.0
268.0
389.0
383.0
340.0
626.0
358.0
793.0
270.0
240.0
223.0
690.0
308.0
455.0
235.0
320.0
433.0
268.0
404.0
430.0
298.0
430.0
451.0
750.0
270.0
379.0
300.0
298.0
230.0
270.0
270.0
725.0
438.0
280.0
329.0
258.0
566.0
633.0
570.0
235.0
380.0
345.0
353.0
512.0
406.0
395.0
270.0
915.0
720.0
279.0
245.0
390.0
980.0
416.0
263.0
364.0
359.0
376.0
628.0
260.0
252.0
272.0
540.0
284.0
267.0
245.0
395.0
539.0
462.0
327.0
239.0
247.0
575.0
399.0
635.0
1017.0
715.0
250.0
892.0
415.0
760.0
304.0
394.0
535.0
390.0
555.0
272.0
879.0
700.0
295.0
410.0
295.0
1046.0
294.0
275.0
240.0
551.0
265.0
686.0
380.0
286.0
279.0
269.0
262.0
284.0
318.0
300.0
651.0
511.0
611.0
366.0
3050.0
400.0
365.0
375.0
339.0
355.0
420.0
428.0
262.0
390.0
245.0
250.0
560.0
372.0
400.0
362.0
271.0
210.0
572.0
369.0
271.0
295.0
238.0
527.0
230.0
275.0
250.0
272.0
406.0
1125.0
300.0
745.0
239.0
375.0
384.0
436.0
392.0
260.0
355.0
301.0
329.0
1200.0
239.0
390.0
915.0
465.0
525.0
460.0
915.0
650.0
274.0
255.0
249.0
290.0
340.0
276.0
360.0
330.0
350.0
745.0
715.0
284.0
460.0
700.0
725.0
425.0
360.0
285.0
412.0
575.0
647.0
250.0
349.0
393.0
410.0
280.0
299.0
520.0
245.0
270.0
568.0
270.0
1000.0
1031.0
276.0
1008.0
272.0
363.0
575.0
785.0
351.0
699.0
275.0
455.0
250.0
555.0
300.0
230.0
450.0
300.0
439.0
677.0
1051.0
375.0
842.0
315.0
400.0
455.0
749.0
400.0
388.0
397.0
525.0
1029.0
278.0
262.0
270.0
675.0
280.0
305.0
1700.0
847.0
1170.0
550.0
1350.0
1680.0
235.0
246.0
580.0
235.0
249.0
325.0
329.0
295.0
269.0
319.0
415.0
579.0
257.0
270.0
273.0
465.0
357.0
403.0
830.0
340.0
360.0
298.0
275.0
271.0
330.0
560.0
299.0
435.0
290.0
250.0
690.0
1685.0
279.0
287.0
375.0
290.0
276.0
275.0
340.0
1000.0
249.0
374.0
242.0
263.0
300.0
747.0
481.0
380.0
700.0
680.0
300.0
555.0
264.0
335.0
555.0
310.0
295.0
730.0
445.0
351.0
362.0
269.0
1999.0
800.0
325.0
330.0
546.0
250.0
615.0
755.0
265.0
910.0
386.0
250.0
380.0
350.0
301.0
374.0
560.0
785.0
270.0
340.0
275.0
378.0
298.0
645.0
720.0
475.0
936.0
1681.0
245.0
500.0
550.0
275.0
240.0
245.0
685.0
751.0
390.0
222.0
592.0
245.0
400.0
233.0
737.0
745.0
380.0
860.0
730.0
370.0
228.0
235.0
270.0
248.0
375.0
260.0
360.0
273.0
246.0
336.0
457.0
596.0
915.0
253.0
701.0
290.0
230.0
314.0
300.0
561.0
445.0
335.0
326.0
210.0
355.0
407.0
425.0
256.0
805.0
273.0
860.0
401.0
461.0
950.0
245.0
696.0
375.0
245.0
495.0
402.0
1565.0
450.0
358.0
350.0
260.0
315.0
388.0
560.0
585.0
371.0
247.0
275.0
399.0
600.0
398.0
800.0
370.0
387.0
543.0
305.0
335.0
540.0
630.0
285.0
272.0
250.0
812.0
540.0
270.0
637.0
265.0
306.0
410.0
320.0
285.0
275.0
525.0
350.0
285.0
365.0
545.0
270.0
250.0
749.0
1004.0
268.0
370.0
240.0
384.0
351.0
304.0
395.0
366.0
430.0
579.0
775.0
312.0
500.0
372.0
264.0
220.0
295.0
247.0
350.0
354.0
270.0
675.0
248.0
555.0
268.0
268.0
235.0
380.0
290.0
370.0
369.0
320.0
776.0
355.0
240.0
470.0
356.0
450.0
263.0
245.0
405.0
282.0
675.0
340.0
518.0
550.0
582.0
540.0
242.0
395.0
355.0
279.0
428.0
540.0
241.0
244.0
785.0
244.0
285.0
265.0
259.0
271.0
397.0
405.0
540.0
259.0
439.0
275.0
260.0
330.0
263.0
280.0
955.0
339.0
263.0
530.0
1000.0
284.0
381.0
273.0
580.0
289.0
259.0
207.0
520.0
346.0
420.0
625.0
235.0
275.0
273.0
450.0
289.0
410.0
420.0
1485.0
511.0
410.0
370.0
1684.0
403.0
369.0
578.0
258.0
240.0
310.0
239.0
275.0
261.0
379.0
245.0
355.0
1065.0
489.0
378.0
719.0
300.0
2270.0
348.0
351.0
745.0
999.0
269.0
348.0
577.0
240.0
275.0
304.0
335.0
355.0
580.0
639.0
414.0
330.0
226.0
525.0
380.0
390.0
890.0
294.0
280.0
273.0
509.0
400.0
270.0
425.0
261.0
559.0
255.0
275.0
350.0
590.0
239.0
345.0
400.0
386.0
385.0
265.0
263.0
393.0
315.0
1655.0
272.0
386.0
425.0
470.0
440.0
409.0
260.0
263.0
365.0
300.0
440.0
662.0
464.0
390.0
424.0
218.0
365.0
375.0
265.0
280.0
403.0
661.0
760.0
260.0
430.0
272.0
550.0
641.0
745.0
597.0
290.0
250.0
573.0
530.0
286.0
260.0
466.0
258.0
420.0
530.0
389.0
269.0
293.0
619.0
610.0
269.0
259.0
512.0
410.0
693.0
412.0
280.0
368.0
431.0
352.0
560.0
294.0
500.0
310.0
270.0
340.0
260.0
306.0
305.0
585.0
648.0
800.0
259.0
235.0
290.0
800.0
380.0
248.0
279.0
970.0
389.0
245.0
365.0
300.0
375.0
275.0
375.0
362.0
485.0
240.0
370.0
420.0
300.0
795.0
521.0
240.0
400.0
260.0
795.0
870.0
264.0
1050.0
306.0
249.0
395.0
275.0
930.0
352.0
700.0
278.0
351.0
258.0
359.0
265.0
638.0
429.0
341.0
645.0
399.0
221.0
650.0
433.0
620.0
278.0
375.0
870.0
1050.0
359.0
420.0
257.0
270.0
247.0
472.0
440.0
241.0
241.0
260.0
380.0
265.0
385.0
930.0
370.0
281.0
358.0
270.0
245.0
307.0
570.0
601.0
449.0
400.0
940.0
220.0
263.0
521.0
852.0
799.0
300.0
748.0
367.0
273.0
288.0
269.0
294.0
305.0
381.0
285.0
1900.0
844.0
950.0
628.0
808.0
800.0
750.0
800.0
282.0
234.0
750.0
565.0
420.0
575.0
261.0
366.0
295.0
409.0
319.0
415.0
420.0
300.0
290.0
264.0
790.0
1492.0
272.0
825.0
1315.0
240.0
330.0
799.0
239.0
415.0
510.0
258.0
242.0
260.0
380.0
279.0
449.0
711.0
405.0
800.0
625.0
250.0
390.0
690.0
273.0
395.0
260.0
645.0
765.0
834.0
385.0
670.0
640.0
419.0
435.0
365.0
347.0
225.0
365.0
400.0
289.0
679.0
1150.0
411.0
229.0
259.0
900.0
240.0
270.0
295.0
367.0
399.0
375.0
665.0
282.0
2056.0
372.0
275.0
275.0
295.0
255.0
395.0
440.0
370.0
330.0
316.0
260.0
203.0
380.0
770.0
530.0
395.0
497.0
500.0
720.0
340.0
520.0
249.0
410.0
259.0
720.0
640.0
322.0
449.0
775.0
410.0
309.0
290.0
289.0
275.0
707.0
300.0
825.0
383.0
510.0
345.0
235.0
375.0
264.0
989.0
310.0
680.0
450.0
540.0
566.0
1500.0
280.0
268.0
293.0
471.0
420.0
605.0
244.0
380.0
701.0
275.0
741.0
263.0
244.0
495.0
280.0
245.0
351.0
260.0
610.0
330.0
264.0
230.0
265.0
810.0
599.0
370.0
248.0
353.0
1250.0
299.0
330.0
358.0
398.0
799.0
390.0
322.0
266.0
630.0
295.0
470.0
425.0
415.0
900.0
439.0
365.0
258.0
265.0
522.0
1832.0
283.0
1951.0
296.0
263.0
282.0
368.0
900.0
270.0
1940.0
352.0
400.0
260.0
549.0
450.0
830.0
248.0
600.0
301.0
422.0
270.0
725.0
280.0
733.0
275.0
1005.0
355.0
440.0
304.0
603.0
283.0
390.0
286.0
549.0
572.0
265.0
390.0
372.0
709.0
1002.0
227.0
540.0
650.0
350.0
730.0
281.0
850.0
448.0
470.0
256.0
445.0
410.0
488.0
263.0
515.0
350.0
315.0
385.0
239.0
378.0
506.0
660.0
899.0
284.0
235.0
249.0
950.0
267.0
305.0
370.0
443.0
280.0
259.0
964.0
571.0
380.0
299.0
325.0
429.0
274.0
287.0
905.0
233.0
445.0
270.0
248.0
525.0
272.0
210.0
1115.0
825.0
428.0
604.0
235.0
900.0
221.0
225.0
365.0
275.0
400.0
275.0
545.0
430.0
748.0
265.0
270.0
327.0
464.0
259.0
453.0
276.0
287.0
366.0
278.0
341.0
280.0
460.0
437.0
480.0
259.0
560.0
700.0
390.0
440.0
360.0
240.0
440.0
327.0
264.0
409.0
270.0
259.0
665.0
790.0
280.0
676.0
249.0
348.0
248.0
256.0
320.0
1090.0
565.0
279.0
611.0
266.0
279.0
365.0
400.0
1001.0
244.0
260.0
288.0
363.0
239.0
620.0
321.0
740.0
450.0
364.0
502.0
429.0
275.0
245.0
340.0
300.0
300.0
394.0
257.0
272.0
289.0
250.0
380.0
690.0
609.0
279.0
511.0
540.0
374.0
485.0
415.0
258.0
350.0
1010.0
370.0
271.0
265.0
250.0
280.0
292.0
670.0
1200.0
555.0
508.0
289.0
257.0
360.0
270.0
256.0
625.0
295.0
282.0
270.0
261.0
222.0
399.0
269.0
290.0
309.0
675.0
415.0
395.0
345.0
800.0
385.0
386.0
640.0
370.0
600.0
380.0
350.0
261.0
395.0
376.0
294.0
558.0
390.0
248.0
295.0
365.0
549.0
240.0
302.0
438.0
268.0
519.0
310.0
700.0
900.0
360.0
300.0
649.0
261.0
244.0
645.0
314.0
249.0
945.0
265.0
689.0
430.0
352.0
651.0
756.0
360.0
394.0
255.0
320.0
283.0
245.0
990.0
234.0
364.0
665.0
354.0
234.0
810.0
316.0
261.0
609.0
925.0
288.0
388.0
635.0
260.0
323.0
375.0
410.0
600.0
530.0
357.0
230.0
690.0
286.0
245.0
307.0
265.0
540.0
731.0
346.0
288.0
499.0
231.0
305.0
372.0
575.0
273.0
235.0
300.0
310.0
379.0
847.0
1200.0
341.0
287.0
728.0
405.0
600.0
575.0
270.0
290.0
353.0
240.0
385.0
386.0
1050.0
262.0
